   1.0000000000000002E-002
 -3.988933264549E-18 -4.599809390801E-20 -1.798287905968E-08  4.123386625216E-10 -1.688971257479E-09 -9.692084557523E-10 -5.052495441912E-10  3.379729550029E-10  1.358660101964E-11  5.770932683387E-09 -2.550439546677E-08 -3.432201409558E-10
 -4.599809390801E-20 -4.631589807656E-20 -1.949568162719E-11  1.093642260396E-09  3.365593963676E-09 -4.745848156173E-09 -1.567091576707E-09 -2.269594016269E-09  1.671142028940E-11  4.825831545813E-09 -1.555114669348E-08 -2.382997009171E-10
 -1.798287905968E-08 -1.949568162719E-11 -1.100859732430E+02  5.070288633384E-11 -5.211384570939E-09  8.273141424078E-09  1.701309781058E-09  2.033689537866E-09 -2.056281758182E-08  2.739665571827E-08  4.023577220034E-08 -1.133276087581E-09
  4.123386625216E-10  1.093642260396E-09  5.070398549855E-11 -1.100859732431E+02  1.467907856190E-08 -3.956162888629E-09 -1.881012156085E-09 -6.746410689181E-09  8.272818452428E-11 -1.725083165641E-08 -1.474225952719E-08  1.089065326708E-10
 -1.688971257479E-09  3.365593963676E-09 -5.211320910693E-09  1.467907894521E-08 -6.882818805118E+03  5.944942317439E-10  6.329761843441E-09  1.159030778504E-08 -1.456092963183E-08  4.777560662772E-08  8.516562350602E-08 -6.048119542464E-10
 -9.692084557523E-10 -4.745848156173E-09  8.273143769512E-09 -3.956159213174E-09  5.945537225090E-10 -6.882818805119E+03 -1.085268810369E-08  6.718459310065E-09 -9.714007292143E-11 -4.066086372088E-09  3.223889453567E-09  8.284317232295E-10
 -5.052495441911E-10 -1.567091576707E-09  1.701302050474E-09 -1.881001495795E-09  6.330526308230E-09 -1.085271816329E-08 -1.291835910171E+04 -2.154735415432E+00  2.811393313047E+02  4.299424085836E-08  8.562692049931E-08 -3.349885835301E-09
  3.379729550029E-10 -2.269594016269E-09  2.033717216751E-09 -6.746417360910E-09  1.159037400330E-08  6.718029189529E-09 -2.154735415432E+00 -1.292371903427E+04 -9.900432898265E+01 -1.908464924523E-08 -2.191587355058E-08  1.779052000964E-09
  1.358660101964E-11  1.671142028940E-11 -2.056281624458E-08  8.272801714946E-11 -1.456091857374E-08 -9.714609845117E-11  2.811393313047E+02 -9.900432898265E+01 -6.877529779462E+00  4.823228780958E-08  2.540449923415E-08 -7.771468715529E-10
  5.770932683387E-09  4.825831545813E-09  2.739664884439E-08 -1.725163771966E-08  4.777826783319E-08 -4.064011141367E-09  4.300673669268E-08 -1.908666571261E-08  4.823206291053E-08 -8.642051383934E+06 -1.618146611198E+03  1.918864287140E+05
 -2.550439546677E-08 -1.555114669348E-08  4.023571249701E-08 -1.474156696509E-08  8.515713539216E-08  3.227943300313E-09  8.561410413594E-08 -2.191025198685E-08  2.540457299211E-08 -1.618146611198E+03 -8.645697779898E+06 -7.287181213059E+04
 -3.432201409558E-10 -2.382997009171E-10 -1.133261901699E-09  1.089130412334E-10 -6.050059875536E-10  8.283935902033E-10 -3.350521138700E-09  1.779036704784E-09 -7.771487611345E-10  1.918864287140E+05 -7.287181213059E+04 -4.875427914541E+03
   1.9443271528926904E-002
 -1.318629179808E-18 -1.644930744340E-20 -3.126057982181E-09 -1.401861748175E-11 -3.185981744555E-10  3.226678721490E-10 -2.958660234490E-10  2.884272456630E-10  1.007433530048E-11 -1.907621550754E-09 -3.992785394676E-10 -6.776508244754E-10
 -1.644930744340E-20 -3.269352577915E-21 -2.030242539469E-11 -6.282729410662E-12  1.814104797494E-09 -6.273102414696E-10 -2.089532379028E-10  2.574219460127E-11  1.038279957518E-11 -3.735779252466E-11  7.987764978286E-10 -3.102102965466E-10
 -3.126057982181E-09 -2.030242539469E-11 -1.010915244972E+01 -1.413579410420E-11 -1.876152484545E-09  9.055998491214E-10  1.689413290113E-10  6.570769820599E-11 -3.600007574678E-09 -2.347992778678E-10 -1.123456814911E-09  2.183395939336E-10
 -1.401861748175E-11 -6.282729410662E-12 -1.413539556911E-11 -1.010915244972E+01  3.702781565088E-09 -5.347862095186E-10  4.721316280817E-10 -1.003376262594E-09  1.289010765708E-11  3.158626846828E-09  1.677104374226E-09  7.390555928766E-10
 -3.185981744555E-10  1.814104797494E-09 -1.876150668267E-09  3.702782750042E-09 -2.881600386182E+03 -1.464199945563E-10  3.667366494243E-11  2.754813660813E-09 -3.457590313920E-09  7.914635977204E-10 -1.937033873051E-10  1.429512828176E-09
  3.226678721490E-10 -6.273102414696E-10  9.055980279705E-10 -5.347849152751E-10 -1.464284403444E-10 -2.881600386181E+03 -2.356085443097E-09  4.655659819191E-10  2.800126988329E-10  5.488260306367E-10  1.543963886001E-09 -5.351919772074E-10
 -2.958660234490E-10 -2.089532379028E-10  1.689419455819E-10  4.721312485879E-10  3.666867534106E-11 -2.356086198677E-09 -2.722506060108E+02  2.596405180366E-01  1.413915737623E+01  1.321658916831E-09 -2.214135588299E-09  8.010802469499E-10
  2.884272456630E-10  2.574219460127E-11  6.570721204368E-11 -1.003375490828E-09  2.754794259283E-09  4.654945804444E-10  2.596405180366E-01 -2.728933873902E+02  4.997713669097E+00 -2.514246268621E-09 -4.685148215402E-10 -1.033411458142E-09
  1.007433530048E-11  1.038279957518E-11 -3.600007681834E-09  1.289013218742E-11 -3.457586245465E-09  2.800146154970E-10  1.413915737623E+01  4.997713669097E+00 -8.263296534588E-01  6.205518502278E-09  8.776605317206E-09 -5.158407639462E-10
 -1.907621550754E-09 -3.735779252466E-11 -2.348047894140E-10  3.158625840319E-09  7.915763272043E-10  5.487608260827E-10  1.321549102048E-09 -2.514179586402E-09  6.205512862678E-09 -3.114256927171E+04 -4.364575026344E+03 -1.185577166044E+04
 -3.992785394676E-10  7.987764978286E-10 -1.123462880342E-09  1.677113363249E-09 -1.936913966690E-10  1.544095389145E-09 -2.214122278588E-09 -4.684291080830E-10  8.776607675364E-09 -4.364575026344E+03 -3.255076627848E+04  1.009646388552E+04
 -6.776508244754E-10 -3.102102965466E-10  2.183377615195E-10  7.390540399389E-10  1.429447921747E-09 -5.351964408749E-10  8.009704165308E-10 -1.033365904271E-09 -5.158376742829E-10 -1.185577166044E+04  1.009646388552E+04 -8.842006528625E+03
   3.3496876058652481E-002
 -5.068884190274E-19  5.167563271898E-21 -1.473129341731E-09  1.159333391875E-11  4.260954860746E-11  2.417538807376E-11  1.327593353567E-10  2.559585016009E-10  2.576471700278E-12 -1.078987360144E-10  2.835495221817E-11 -8.149788886079E-11
  5.167563271898E-21 -1.153958182125E-21  2.974106489369E-11  1.764508214510E-11  2.732866672328E-10 -2.069324493566E-10  3.869135944065E-10  1.633416157161E-10  4.673214076635E-12  1.010745667419E-11  8.082431277365E-11 -3.329610163927E-11
 -1.473129341731E-09  2.974106489369E-11 -5.778454930491E+00 -1.991262437719E-12 -4.465220831972E-10  4.522454700582E-10 -1.618393973395E-10 -2.119207392626E-10 -1.687646425555E-09  1.737168835017E-11 -8.362112851724E-11  3.484059260962E-11
  1.159333391875E-11  1.764508214510E-11 -1.991310396360E-12 -5.778454930489E+00  5.403348172256E-10 -1.371033004024E-10  3.062984485381E-11 -1.388494449057E-10  4.805513996583E-12  1.659101592422E-10  1.415888617132E-10  3.923121402686E-11
  4.260954860746E-11  2.732866672328E-10 -4.465228801787E-10  5.403345684802E-10 -3.291828936013E+02  5.721072586822E-11 -3.048225232851E-10 -3.869443176041E-10 -4.532648225378E-10 -6.283183982130E-11 -7.302610425167E-11  7.209581657903E-11
  2.417538807376E-11 -2.069324493566E-10  4.522460780035E-10 -1.371016769949E-10  5.721658992718E-11 -3.291828936013E+02  5.216891383047E-10 -2.493589365642E-10 -9.874435147348E-11  6.897199733690E-11 -3.909067125333E-11  1.138563222495E-11
  1.327593353567E-10  3.869135944065E-10 -1.618444729428E-10  3.063091473109E-11 -3.048338610621E-10  5.216952342633E-10 -1.552920696421E+03  7.575700556656E-02 -1.556531364609E+01 -2.133255512489E-11  2.376155724022E-10  5.692352125709E-10
  2.559585016009E-10  1.633416157161E-10 -2.119196681470E-10 -1.388510404489E-10 -3.869302981976E-10 -2.493451033681E-10  7.575700556658E-02 -1.553039930322E+03 -7.557948254817E+00 -3.780812142374E-10 -7.327355913848E-11  2.738883390942E-10
  2.576471700278E-12  4.673214076635E-12 -1.687646378874E-09  4.805531303760E-12 -4.532649044204E-10 -9.874421581353E-11 -1.556531364609E+01 -7.557948254817E+00 -1.928035756506E-01  2.259323785985E-10  2.688767739101E-10  1.902873841985E-11
 -1.078987360144E-10  1.010745667419E-11  1.737152114418E-11  1.659105592604E-10 -6.282251226068E-11  6.896397648256E-11 -2.137335135674E-11 -3.780473038953E-10  2.259325168477E-10 -3.807634159203E+02 -9.428843824499E+01 -1.923077759791E+02
  2.835495221817E-11  8.082431277365E-11 -8.362067418936E-11  1.415882225590E-10 -7.301816817658E-11 -3.909936112654E-11  2.376195518835E-10 -7.323740120354E-11  2.688765494738E-10 -9.428843824499E+01 -4.274451018988E+02  1.505071866632E+02
 -8.149788886079E-11 -3.329610163927E-11  3.484044338780E-11  3.923087651843E-11  7.208878151386E-11  1.138564696916E-11  5.692563838560E-10  2.738881609544E-10  1.902836874876E-11 -1.923077759791E+02  1.505071866632E+02 -1.942689325458E+02
   5.3077325571263219E-002
 -2.177982349360E-19  6.243879937662E-21 -4.444278739512E-10 -1.128022101737E-11 -2.849533551971E-12 -9.152299842963E-13  8.666497430440E-11  1.857435092425E-10  8.002680994424E-12  1.029681251863E-09 -2.756984632283E-10 -7.015269264264E-11
  6.243879937662E-21 -2.240380681692E-21  2.159005066775E-11 -1.618893615606E-11 -4.891219576023E-12 -4.067644605814E-13  3.958965956545E-11  8.813071581217E-12  9.643776899995E-12  1.245906540439E-09 -3.033165249665E-10 -8.372629719222E-11
 -4.444278739512E-10  2.159005066775E-11 -1.247057636492E+00  1.194241577595E-12  6.586916324979E-12 -1.934068100695E-11 -3.520724603737E-11 -1.755177747583E-12 -5.220961080531E-10 -9.754438804563E-10  1.852186700531E-10  6.745325387071E-11
 -1.128022101737E-11 -1.618893615606E-11  1.194276108637E-12 -1.247057636491E+00  5.054939463062E-12  2.346584031719E-11 -1.598481937637E-10 -4.871910993345E-10  7.299715370141E-13 -7.563130182745E-10  4.333703531020E-11  4.429675757568E-11
 -2.849533551971E-12 -4.891219576023E-12  6.586925484329E-12  5.054936729716E-12 -4.592366802027E-02 -1.738191634662E-13 -3.182524369865E-11 -1.937651657252E-11 -6.329097293570E-12 -8.241315478740E-10  1.762376769045E-10  5.401125857179E-11
 -9.152299842963E-13 -4.067644605814E-13 -1.934068881061E-11  2.346585030450E-11 -1.738194222595E-13 -4.592366801976E-02  1.268580657205E-10 -5.633901253131E-12  3.434987607855E-11  1.352836525203E-09 -4.395002234152E-10 -9.471625130669E-11
  8.666497430440E-11  3.958965956545E-11 -3.520750600950E-11 -1.598481346273E-10 -3.182529113346E-11  1.268580709014E-10 -1.555935624751E+01 -3.179909654638E-01 -4.037883913322E+00  2.418145441170E-11 -1.920965070885E-11  4.587697600209E-11
  1.857435092425E-10  8.813071581217E-12 -1.755198438457E-12 -4.871909413630E-10 -1.937652590110E-11 -5.633949030665E-12 -3.179909654638E-01 -1.651784376831E+01  1.217776141807E+00 -3.806206031102E-09  8.727196416468E-10  2.679881424902E-10
  8.002680994424E-12  9.643776899995E-12 -5.220960819833E-10  7.299785333742E-13 -6.329104517370E-12  3.434987802859E-11 -4.037883913322E+00  1.217776141807E+00 -1.150291851653E+00  1.676432172807E-09  9.032810565749E-11 -8.218207238744E-11
  1.029681251863E-09  1.245906540439E-09 -9.754384718972E-10 -7.563125470146E-10 -8.241334621240E-10  1.352836423171E-09  2.416896366572E-11 -3.806218118309E-09  1.676450810073E-09 -5.760664851720E+04 -1.273562481285E+02  3.329995459236E+03
 -2.756984632283E-10 -3.033165249665E-10  1.852216079634E-10  4.333676220841E-11  1.762390861778E-10 -4.394998905260E-10 -1.923524587676E-11  8.727033981655E-10  9.032679649144E-11 -1.273562481285E+02 -5.771528517364E+04 -2.199958300166E+03
 -7.015269264264E-11 -8.372629719222E-11  6.745335033547E-11  4.429681333024E-11  5.401122732042E-11 -9.471620854860E-11  4.587485803002E-11  2.679905918206E-10 -8.218212443224E-11  3.329995459236E+03 -2.199958300166E+03 -2.769122223226E+02
   7.9101132048845599E-002
 -2.262074094244E-20  6.660684517652E-22 -1.101599443010E-10  1.471448157143E-13  1.542110356391E-11 -1.079388587347E-12  6.403580377396E-12  4.290680954812E-12 -5.331175454513E-14  1.206599699932E-10 -1.444887468638E-10 -2.164887446001E-11
  6.660684517652E-22 -2.165649561052E-22  5.449711552419E-12  4.176451325744E-14  2.801002688780E-11 -1.636411114462E-11  1.506659093291E-11  1.109651209064E-11 -1.140928983716E-13 -2.996473000228E-12 -1.783640268364E-10 -6.753629778644E-12
 -1.101599443010E-10  5.449711552419E-12 -7.361038068447E-01  2.194402945571E-13 -2.708789144117E-11  1.742778248376E-11 -1.421568837805E-11 -1.337866375924E-11 -1.263253248351E-10  1.109573060191E-10  1.705137462339E-10 -8.303507880541E-12
  1.471448157143E-13  4.176451325744E-14  2.194431773576E-13 -7.361038068435E-01 -2.031497465794E-11 -1.044825185538E-11  1.575045619493E-12  1.796678672022E-11  5.959551938204E-13 -9.962227883149E-11 -5.330221644421E-11  9.928038769540E-12
  1.542110356391E-11  2.801002688780E-11 -2.708780905131E-11 -2.031502984810E-11 -1.541781388179E+01  6.226503344647E-13  1.403301971207E-11  2.535192449681E-11 -2.001589955621E-11 -9.230175967024E-11  3.055249832438E-10  2.651748695983E-11
 -1.079388587347E-12 -1.636411114462E-11  1.742786081316E-11 -1.044804418536E-11  6.226557222390E-13 -1.541781388179E+01  3.767727821042E-11 -1.641154301761E-11 -1.061415090273E-11  1.494765221468E-10  1.318920091993E-10 -8.897819022962E-12
  6.403580377396E-12  1.506659093291E-11 -1.421564840788E-11  1.575064540771E-12  1.403323538813E-11  3.767725357235E-11 -2.236252554228E+01 -4.030767004880E-03  3.558525660992E-01 -4.260854930711E-11  8.692256468325E-11  4.462911897579E-11
  4.290680954812E-12  1.109651209064E-11 -1.337870170766E-11  1.796661549919E-11  2.535188800642E-11 -1.641155797207E-11 -4.030767004881E-03 -2.236532011375E+01 -2.532694022301E-01 -3.595983511513E-10 -3.363661930982E-10  2.302168679831E-11
 -5.331175454513E-14 -1.140928983716E-13 -1.263253230102E-10  5.959547632632E-13 -2.001591787609E-11 -1.061415325292E-11  3.558525660992E-01 -2.532694022301E-01 -8.532172077008E-03  1.165543984725E-10 -6.165398297936E-11 -1.847747837012E-11
  1.206599699932E-10 -2.996473000228E-12  1.109585685580E-10 -9.962274554359E-11 -9.229809803128E-11  1.494807737330E-10 -4.261186677408E-11 -3.596054225114E-10  1.165544873724E-10 -1.018815447354E+04 -5.357382974236E+01  1.336926897305E+03
 -1.444887468638E-10 -1.783640268364E-10  1.705140924582E-10 -5.330242074606E-11  3.055222592408E-10  1.319091847615E-10  8.692959892790E-11 -3.363646470467E-10 -6.165397719896E-11 -5.357382974236E+01 -1.034753876897E+04 -4.076089627352E+02
 -2.164887446001E-11 -6.753629778644E-12 -8.303471283705E-12  9.928022694084E-12  2.651874154792E-11 -8.898765582577E-12  4.462521062958E-11  2.302201838472E-11 -1.847746366383E-11  1.336926897305E+03 -4.076089627352E+02 -1.920520100523E+02
  0.11248480747348612     
 -1.616832748440E-19  2.874043554731E-21 -2.123872568157E-10 -1.115249468196E-12  9.035353481412E-12  1.882341717271E-12  1.952067076035E-11 -7.265988772405E-11 -8.260870084831E-13  6.390898740145E-11 -8.995812621072E-12 -3.998376185708E-12
  2.874043554731E-21 -1.423259419808E-21  4.731473698828E-12 -8.657941579713E-12  7.243509303226E-12 -8.845553645817E-13 -2.038284101749E-11  3.931811770908E-12 -1.277667809630E-12 -1.260094146920E-11  1.022530236955E-11  7.509890989238E-13
 -2.123872568157E-10  4.731473698828E-12 -3.814640429329E-01  4.633799161327E-13 -6.196659018531E-12 -2.478347556551E-11  1.146846022520E-12 -2.304910290766E-12 -2.429196415466E-10 -2.439547387953E-11  6.787712752234E-12  6.855500478383E-12
 -1.115249468196E-12 -8.657941579713E-12  4.633845066970E-13 -3.814640429336E-01 -3.767021969490E-11  3.417058418824E-12 -6.357595412826E-11  1.850731425090E-10  1.103855297049E-12 -7.529290460199E-11 -7.691403620285E-12  4.152979352379E-12
  9.035353481412E-12  7.243509303226E-12 -6.196732414686E-12 -3.767021861137E-11 -1.467000523419E+00 -7.776357842503E-13 -1.518209130710E-12 -9.267067807695E-12  7.068508836633E-12 -4.832120400712E-11  4.221180066018E-11  1.361456463864E-11
  1.882341717271E-12 -8.845553645817E-13 -2.478347355211E-11  3.417154750010E-12 -7.776376082422E-13 -1.467000523417E+00 -9.359126623885E-11  1.388451630287E-11 -8.457549755599E-12  1.006092819539E-11  7.354569320170E-12 -5.698497722940E-13
  1.952067076035E-11 -2.038284101749E-11  1.146908075271E-12 -6.357597296447E-11 -1.517986509128E-12 -9.359133402459E-11 -4.401729616942E+01  8.952552314643E-02 -3.009110230929E+00 -9.747119019322E-11 -2.081962201091E-10 -3.884985914866E-11
 -7.265988772405E-11  3.931811770908E-12 -2.305096237062E-12  1.850731490057E-10 -9.266941212148E-12  1.388484492526E-11  8.952552314643E-02 -4.418425952204E+01 -1.308422144326E+00 -2.412415468595E-10  3.560252495557E-12  3.101023106823E-11
 -8.260870084831E-13 -1.277667809630E-12 -2.429196389005E-10  1.103857191906E-12  7.068492720269E-12 -8.457536235163E-12 -3.009110230929E+00 -1.308422144326E+00 -2.448183781829E-01  7.060492496300E-11 -7.541815001374E-11 -6.800729648159E-12
  6.390898740145E-11 -1.260094146920E-11 -2.439528961471E-11 -7.529290778790E-11 -4.832270190472E-11  1.006066865610E-11 -9.746171148051E-11 -2.412393313148E-10  7.060451545450E-11 -1.597892995149E+03  4.464343816254E-01  1.009625040819E+02
 -8.995812621072E-12  1.022530236955E-11  6.787434771106E-12 -7.691586962898E-12  4.221226392474E-11  7.352931346126E-12 -2.082019392118E-10  3.560109699211E-12 -7.541702709413E-11  4.464343816254E-01 -1.604241170977E+03  7.065399479822E+00
 -3.998376185708E-12  7.509890989238E-13  6.855501052724E-12  4.152945699011E-12  1.361458821710E-11 -5.698412735263E-13 -3.884989966033E-11  3.101002743499E-11 -6.800783699983E-12  1.009625040819E+02  7.065399479822E+00 -6.410659168725E+00
  0.15414486382727119     
 -2.015331922307E-20 -2.003284377712E-21 -2.152367153649E-11 -1.848704288028E-13 -2.628946408942E-13  1.050207425464E-12  1.135080999369E-11  1.668183179295E-11  1.578862871886E-13  8.666872135466E-11 -8.362712529210E-11 -1.918009509205E-11
 -2.003284377712E-21 -3.039915601918E-21 -2.948297892404E-12 -4.645023743701E-12  4.548470219018E-12 -2.765361432995E-13  3.063446067314E-11  7.995156388385E-12  6.915177584619E-13  3.255631528591E-11 -1.547023421599E-11 -5.430542276886E-12
 -2.152367153649E-11 -2.948297892404E-12 -3.519623034946E-02 -7.535592004341E-14 -3.081507314032E-13 -2.160569279304E-11 -1.124618601789E-11 -4.852315639976E-13 -2.544545023392E-11 -6.293237636122E-12  2.652163641136E-11  2.804890492043E-12
 -1.848704288028E-13 -4.645023743701E-12 -7.535561189461E-14 -3.519623034952E-02 -1.710370515069E-11 -1.717764999821E-12 -4.429891002012E-11 -3.849895150837E-11 -8.725326191629E-13 -4.697296582714E-11  7.468688489713E-11  1.352186154036E-11
 -2.628946408942E-13  4.548470219018E-12 -3.081473614944E-13 -1.710369813386E-11 -1.607827200640E+00 -2.796453352637E-13  2.198540928358E-11  1.542962150698E-10 -2.867137040601E-11  4.376826157954E-12  1.231016498313E-10  1.645345858372E-11
  1.050207425464E-12 -2.765361432995E-13 -2.160569111480E-11 -1.717775756220E-12 -2.796481599153E-13 -1.607827200641E+00  2.432382715391E-10 -1.457413524888E-11  4.007223122625E-12  1.071438770491E-10  2.066281492696E-11 -1.001667196477E-11
  1.135080999369E-11  3.063446067314E-11 -1.124617136376E-11 -4.429889439776E-11  2.198425324758E-11  2.432382526724E-10 -1.314136011947E+02 -2.302356345509E-02 -3.212093940286E+00 -3.683761946609E-11 -6.705934381215E-10 -4.561337616552E-11
  1.668183179295E-11  7.995156388385E-12 -4.853217991836E-13 -3.849883261904E-11  1.542960442294E-10 -1.457436962704E-11 -2.302356345509E-02 -1.314853659622E+02  9.418946029412E-01 -6.529299102740E-10 -2.644418503776E-11  9.508043810035E-11
  1.578862871886E-13  6.915177584619E-13 -2.544545198689E-11 -8.725320303326E-13 -2.867136193961E-11  4.007222773882E-12 -3.212093940286E+00  9.418946029412E-01 -8.526734285311E-02  1.126069956812E-10  5.821092080703E-11 -5.913005667054E-12
  8.666872135466E-11  3.255631528591E-11 -6.293684314596E-12 -4.697305212393E-11  4.373525879627E-12  1.071444089927E-10 -3.680752085034E-11 -6.529308536118E-10  1.126048022971E-10 -5.752005122898E+03 -7.203207189247E+01  6.472721791282E+02
 -8.362712529210E-11 -1.547023421599E-11  2.652181685296E-11  7.468691274177E-11  1.231035527133E-10  2.066502416391E-11 -6.705709780490E-10 -2.649416702946E-11  5.821118846178E-11 -7.203207189247E+01 -5.755380413777E+03 -6.322848116659E+02
 -1.918009509205E-11 -5.430542276886E-12  2.804937013604E-12  1.352185569008E-11  1.645391433567E-11 -1.001664098114E-11 -4.560483205741E-11  9.507374414536E-11 -5.912874621119E-12  6.472721791282E+02 -6.322848116659E+02 -1.441036783465E+02
  0.20499781309228740     
 -1.937735373939E-20  2.125426853584E-21  9.485097808093E-13 -9.804249459718E-15  2.584585150413E-12  4.026761496940E-13  6.411619232684E-12 -1.883213392974E-12  5.754536997043E-14 -1.421409108208E-13  2.437048687322E-12 -4.272325952979E-13
  2.125426853584E-21 -1.581377464330E-20 -3.717676607789E-13 -6.780159298152E-13  1.465422115577E-12  6.084459239232E-14  4.229166563083E-12 -5.424973818738E-13  6.527655922175E-14  1.416368263457E-12  2.390373803284E-12 -1.082588181511E-12
  9.485097808093E-13 -3.717676607789E-13 -1.645846197224E-04 -3.535236435946E-16  6.135473932816E-12 -2.713474773358E-11 -2.861965917155E-12  2.595097886348E-12  1.078377398376E-12 -3.802920351266E-12 -3.271602160830E-12  2.296922731882E-12
 -9.804249459718E-15 -6.780159298152E-13 -3.535185295838E-16 -1.645846197234E-04 -3.050948463420E-11  1.444441780366E-12 -1.446622543497E-11  5.378493323267E-12 -8.232164707922E-14 -7.336164153115E-13 -4.747398129794E-12  1.256649128627E-12
  2.584585150413E-12  1.465422115577E-12  6.135473094462E-12 -3.050948457433E-11 -4.902779681128E-01  3.018738714802E-13  1.529037261491E-11  1.244342805099E-10 -1.067580535634E-11 -1.439085968003E-12 -6.187204332328E-13  2.230332508545E-12
  4.026761496940E-13  6.084459239232E-14 -2.713474773912E-11  1.444442389730E-12  3.018853331069E-13 -4.902779681125E-01  1.158815785700E-10  3.932929362894E-12  2.910889892235E-12  4.421483851549E-12  7.286424847322E-13 -1.736580958066E-12
  6.411619232684E-12  4.229166563083E-12 -2.861966675132E-12 -1.446622583441E-11  1.529037026252E-11  1.158815661732E-10 -1.143552696886E+01  9.113953934571E-03 -2.334241391946E-01  4.262150543107E-12 -9.652992096336E-11  1.981333064626E-11
 -1.883213392974E-12 -5.424973818738E-13  2.595097585377E-12  5.378492386283E-12  1.244342755938E-10  3.932970928605E-12  9.113953934571E-03 -1.142289221842E+01 -4.458160256556E-01 -5.177207664828E-11  4.738594927078E-11  4.579502275249E-11
  5.754536997043E-14  6.527655922175E-14  1.078377338462E-12 -8.232171506556E-14 -1.067580018061E-11  2.910878175111E-12 -2.334241391946E-01 -4.458160256556E-01 -2.217867317816E-02  3.712805562235E-11 -5.471048352019E-11 -3.539410515260E-12
 -1.421409108209E-13  1.416368263457E-12 -3.802921373015E-12 -7.336172231096E-13 -1.439038715348E-12  4.421487985080E-12  4.262890681466E-12 -5.177200071077E-11  3.712801776186E-11 -4.111936627642E+01  3.375398178723E+00  1.686157939011E+01
  2.437048687322E-12  2.390373803284E-12 -3.271601648210E-12 -4.747399156343E-12 -6.187258461899E-13  7.284791610541E-13 -9.652975909795E-11  4.738681495171E-11 -5.471044600437E-11  3.375398178723E+00 -4.672648009300E+01  7.914241279457E+00
 -4.272325952979E-13 -1.082588181511E-12  2.296922766119E-12  1.256649028519E-12  2.230283666603E-12 -1.736539376713E-12  1.981335535386E-11  4.579561355406E-11 -3.539402755979E-12  1.686157939011E+01  7.914241279457E+00 -8.775703778718E+00
  0.26596016725062122     
 -5.896316065378E-20 -3.261196906859E-21 -1.373391030285E-11 -2.179471216979E-13  8.281178474503E-12  1.231384788132E-12  2.406531342103E-12 -1.482213476232E-12 -8.225371582450E-14  7.321505564827E-11 -7.584463371692E-11 -2.352344216738E-12
 -3.261196906859E-21 -7.523942372938E-20 -2.430060803994E-11 -3.783416929000E-11  1.024683019942E-11 -7.337776454332E-14 -1.611895570471E-12 -1.455646924876E-13 -1.584336173476E-13  6.550265534783E-11 -3.730148247094E-11 -1.541235132012E-12
 -1.373391030285E-11 -2.430060803994E-11 -1.077097814632E-01  1.915750086421E-14  5.392406677066E-11 -2.363414406925E-10  1.278307938479E-12  6.747776410359E-13 -1.679884567169E-11 -7.575485063790E-11  4.175313324018E-11  2.242462559953E-12
 -2.179471216979E-13 -3.783416929000E-11  1.915680300945E-14 -1.077097814632E-01 -2.383304828198E-10 -3.466171217711E-12 -7.725486003406E-12  3.614792889799E-12  1.034884572467E-13 -1.405799845518E-10  5.712678808458E-11  2.671982261430E-12
  8.281178474503E-12  1.024683019942E-11  5.392406825741E-11 -2.383304712517E-10 -5.970852730491E+00  2.698774194050E-14 -1.579089316427E-11  7.571615395887E-11 -1.323195088749E-10 -1.772436470728E-11  6.420578316635E-11  1.041611163605E-11
  1.231384788133E-12 -7.337776454331E-14 -2.363414556013E-10 -3.466251037537E-12  2.699576017105E-14 -5.970852730490E+00  1.231701530751E-10 -3.286458097706E-11 -1.433998047222E-12  1.270654945879E-10 -7.547762516766E-11 -2.838179644703E-12
  2.406531342103E-12 -1.611895570471E-12  1.278306849465E-12 -7.725480415814E-12 -1.579059733380E-11  1.231701624894E-10 -9.371598161088E-01  1.381449497791E-02 -7.364755938379E-02 -3.504350005035E-09 -7.496659882025E-09 -8.318178850723E-11
 -1.482213476232E-12 -1.455646924876E-13  6.747753277949E-13  3.614778645140E-12  7.571613249827E-11 -3.286477204170E-11  1.381449497791E-02 -9.112982017747E-01 -1.698136066838E-01 -5.442446926655E-09  3.825493266814E-09  1.445479657021E-10
 -8.225371582450E-14 -1.584336173476E-13 -1.679884561745E-11  1.034892913656E-13 -1.323194874364E-10 -1.433989027337E-12 -7.364755938379E-02 -1.698136066839E-01 -3.784420935801E-02 -8.456486310158E-11 -1.873315842971E-10 -1.007742784995E-12
  7.321505564827E-11  6.550265534783E-11 -7.575479678663E-11 -1.405799429247E-10 -1.772267982000E-11  1.270637095990E-10 -3.504351056138E-09 -5.442439163030E-09 -8.456499350592E-11 -1.997652647853E+04 -4.797451171240E+00  2.602096674534E+02
 -7.584463371692E-11 -3.730148247094E-11  4.175331327466E-11  5.712646508873E-11  6.422169914158E-11 -7.547068354433E-11 -7.496663156649E-09  3.825490752151E-09 -1.873301823720E-10 -4.797451171240E+00 -1.997312898707E+04 -3.681794217327E+02
 -2.352344216738E-12 -1.541235132012E-12  2.242433095137E-12  2.671981066367E-12  1.041600895264E-11 -2.838010197058E-12 -8.318179149940E-11  1.445480274346E-10 -1.007713360600E-12  2.602096674534E+02 -3.681794217327E+02 -1.017865900487E+01
  0.33794843828435900     
 -2.374334564363E-19  1.525435058330E-20  1.096686585613E-11 -4.905138718590E-14 -3.438711539439E-12 -7.884965607050E-13 -4.249160906685E-12 -1.910284587550E-12  7.395900577603E-14  5.347285243321E-11 -1.779240972035E-11 -4.348893772188E-13
  1.525435058330E-20 -3.043848888108E-19 -1.797359526169E-11 -2.632524228454E-11 -4.615517121750E-12 -8.560135689940E-13 -9.128298410523E-12  1.181100543967E-12  1.365142890269E-13  3.517195278590E-11  1.987120225385E-11 -3.608628615538E-13
  1.096686585613E-11 -1.797359526169E-11 -1.284509950386E-02 -8.196395610465E-15 -7.750209982260E-11  2.487253723168E-10  6.462398694751E-12 -1.248825609962E-12  1.166739367733E-11 -3.082864730604E-11  5.709646427689E-12  4.032118685430E-13
 -4.905138718590E-14 -2.632524228454E-11 -8.196789307560E-15 -1.284509950380E-02  2.365126387150E-10 -1.188642788726E-11  3.606092043826E-12  1.329880829535E-11 -1.084064656366E-13 -5.639341191860E-11  2.394091620746E-11  4.002039412404E-13
 -3.438711539439E-12 -4.615517121750E-12 -7.750209671500E-11  2.365126391648E-10 -2.315067486431E+00 -8.133762501900E-14 -1.568340321609E-10 -1.141310432453E-09  1.558448042418E-10 -1.467573373502E-11  2.182769473497E-13 -3.164640673681E-12
 -7.884965607050E-13 -8.560135689940E-13  2.487253731621E-10 -1.188643959916E-11 -8.135531898478E-14 -2.315067486430E+00 -9.699120415369E-10  7.467549605641E-12  8.233762003198E-12  7.762117704021E-11 -5.920667945566E-11 -9.821757465040E-13
 -4.249160906685E-12 -9.128298410523E-12  6.462442751056E-12  3.606081804484E-12 -1.568334709633E-10 -9.699120779620E-10 -4.681116502595E+01  3.071550049300E-03  7.256870577144E-01 -2.101388723594E-09 -1.087066562109E-08  3.415731886871E-10
 -1.910284587550E-12  1.181100543967E-12 -1.248832298409E-12  1.329882185444E-11 -1.141310442257E-09  7.467644072522E-12  3.071550049299E-03 -4.682157653789E+01  1.981298396373E-01 -8.469692347032E-09  2.913260681892E-09  7.178656582538E-11
  7.395900577604E-14  1.365142890269E-13  1.166739317714E-11 -1.084064669097E-13  1.558448019749E-10  8.233761051021E-12  7.256870577144E-01  1.981298396373E-01 -1.208872448390E-02  1.398485125402E-10 -2.478031975090E-10 -5.279094317423E-12
  5.347285243321E-11  3.517195278590E-11 -3.082858914811E-11 -5.639307849054E-11 -1.467747657797E-11  7.762085025036E-11 -2.101390768466E-09 -8.469677782972E-09  1.398492974145E-10 -7.469849924823E+03  1.578996608306E-01  6.664037952517E+01
 -1.779240972035E-11  1.987120225385E-11  5.709718909348E-12  2.394105795581E-11  2.200209672368E-13 -5.920705723399E-11 -1.087066490133E-08  2.913294324902E-09 -2.478035182557E-10  1.578996608306E-01 -7.470402506519E+03  1.769918112669E+01
 -4.348893772188E-13 -3.608628615538E-13  4.032112242691E-13  4.002013375736E-13 -3.164619228267E-12 -9.821381931942E-13  3.415730029301E-10  7.178658288161E-11 -5.279097569113E-12  6.664037952517E+01  1.769918112669E+01 -6.364556095064E-01
  0.42187913817558742     
 -8.532559213500E-19  8.773950071701E-21  1.571621970279E-12 -4.057417375072E-14  5.199614606094E-12  3.011831823222E-13 -1.955470807715E-12  8.443310025784E-13 -6.510608498836E-14  4.926389594312E-12  7.308115594330E-13 -5.039775539923E-13
  8.773950071701E-21 -1.151650468410E-18 -1.671575622671E-11 -2.422578440095E-11  2.818241032357E-12  4.954730945121E-13 -1.982426346694E-12  6.888226364949E-13 -6.481905163012E-14  6.144541112646E-12  3.930603544131E-12 -5.772608206707E-13
  1.571621970279E-12 -1.671575622671E-11 -2.892130883262E-03 -2.964164186360E-15  1.633405443106E-10 -5.974620050225E-10  1.407483745709E-12  7.077539142251E-14  1.673775549863E-12 -5.944252068713E-12 -2.664585171953E-12  7.629245307289E-13
 -4.057417375072E-14 -2.422578440095E-11 -2.964167049860E-15 -2.892130883272E-03 -5.721759180725E-10  1.878247540747E-11  3.435665713505E-12 -3.643841931116E-12  1.257983638263E-13 -9.382866279957E-12 -1.064070762175E-11  8.036808793600E-13
  5.199614606094E-12  2.818241032357E-12  1.633405444682E-10 -5.721759197278E-10 -2.836816481705E+00 -2.892052721879E-13 -1.618874323575E-10 -5.887645702296E-10 -3.140346017019E-10  1.494735318542E-12 -4.001335586234E-12  4.049380292847E-12
  3.011831823222E-13  4.954730945120E-13 -5.974620083596E-10  1.878247934177E-11 -2.891615786646E-13 -2.836816481704E+00 -2.086987890269E-10 -1.348621666011E-10 -5.876706039523E-12  1.352678675309E-11  4.760646524330E-12 -7.442456662946E-13
 -1.955470807715E-12 -1.982426346694E-12  1.407485638860E-12  3.435667302387E-12 -1.618876305589E-10 -2.086987496915E-10 -1.099059119562E+01 -2.354674715557E-03 -3.322789116418E-01 -3.464126674376E-10 -6.764226003191E-09  2.195294639231E-10
  8.443310025784E-13  6.888226364950E-13  7.077279895998E-14 -3.643837826202E-12 -5.887644717421E-10 -1.348617048399E-10 -2.354674715557E-03 -1.100008560575E+01  7.788025889713E-02 -5.295943098172E-09  1.092299898512E-09  5.400869311280E-10
 -6.510608498836E-14 -6.481905163012E-14  1.673775667010E-12  1.257983935543E-13 -3.140346036411E-10 -5.876705802588E-12 -3.322789116418E-01  7.788025889713E-02 -1.059819775427E-02 -1.059427066759E-10 -6.419659635225E-10  9.444835910191E-12
  4.926389594312E-12  6.144541112647E-12 -5.944252592715E-12 -9.382898702915E-12  1.495357393361E-12  1.352681203577E-11 -3.464122655288E-10 -5.295942572530E-09 -1.059427981091E-10 -6.776001875816E+02 -1.207402749818E+00  7.100825707797E+01
  7.308115594329E-13  3.930603544131E-12 -2.664609081518E-12 -1.064068663090E-11 -4.000613960854E-12  4.762064771262E-12 -6.764226096042E-09  1.092300890191E-09 -6.419659806418E-10 -1.207402749818E+00 -6.848477048103E+02 -1.151837670149E+01
 -5.039775539923E-13 -5.772608206708E-13  7.629220661081E-13  8.036817254921E-13  4.049310007339E-12 -7.442134122846E-13  2.195295779899E-10  5.400868277794E-10  9.444830790193E-12  7.100825707797E+01 -1.151837670149E+01 -7.639227158615E+00
  0.51866877890639285     
 -2.920045575518E-18 -1.882393956595E-20 -4.870545529332E-12 -1.954860257823E-13  1.106846444364E-12  2.668331728808E-13  5.272420476962E-13  5.866896331689E-13  4.676324263552E-14  9.824505293225E-12 -2.631485888431E-12 -6.494133103325E-13
 -1.882393956595E-20 -3.964792780908E-18 -9.411175501415E-11 -1.347785831512E-10  1.300563325996E-12  4.356083721828E-13  6.894706486550E-13 -4.366275050956E-14  4.770034180151E-14  1.083069998288E-11  5.131601028893E-12 -4.697307605766E-13
 -4.870545529332E-12 -9.411175501415E-11 -2.583382850606E-02 -2.388284703831E-15  1.186917966478E-10 -5.228451937279E-10 -3.693346261870E-13  4.755303694102E-13 -5.743237296629E-12 -7.198101872161E-12 -3.370948383267E-12  4.168671161687E-13
 -1.954860257823E-13 -1.347785831512E-10 -2.388357154726E-15 -2.583382850607E-02 -5.012581886648E-10 -1.390397794539E-11 -5.701317679661E-13 -2.358805012588E-12 -8.113330540223E-14 -9.141178019052E-12  3.993481457620E-12  6.117353252861E-13
  1.106846444364E-12  1.300563325996E-12  1.186917954088E-10 -5.012581884495E-10 -4.429111039963E-01  5.408947025903E-14  6.526162721099E-11  6.548892304437E-10 -2.270064655208E-10 -4.596113968441E-12  6.695648820299E-13  1.393415979036E-12
  2.668331728809E-13  4.356083721828E-13 -5.228451947740E-10 -1.390398054130E-11  5.407542752095E-14 -4.429111039961E-01  6.343971273515E-10 -3.401356518433E-11  3.033342537681E-11  2.725349595097E-11 -1.040900354107E-11 -1.887843367505E-12
  5.272420476962E-13  6.894706486550E-13 -3.693367347229E-13 -5.701311606886E-13  6.526162134381E-11  6.343971268538E-10 -5.995804903217E-01  6.983925844784E-04 -4.209972045150E-02 -9.511115476030E-10 -1.145818684661E-08 -4.230643256147E-10
  5.866896331688E-13 -4.366275050952E-14  4.755277075262E-13 -2.358809965816E-12  6.548892316972E-10 -3.401356094028E-11  6.983925844784E-04 -6.023723918003E-01 -9.943708880242E-03 -8.246438871853E-09  2.390794197754E-09  5.439943313273E-10
  4.676324263552E-14  4.770034180151E-14 -5.743237788458E-12 -8.113338419458E-14 -2.270064635831E-10  3.033342485090E-11 -4.209972045150E-02 -9.943708880242E-03 -3.121814003915E-03 -2.237545377398E-10 -6.810535324970E-10 -1.694673152827E-11
  9.824505293225E-12  1.083069998288E-11 -7.198082825918E-12 -9.141223530059E-12 -4.596080391373E-12  2.725386640566E-11 -9.511110474284E-10 -8.246439030535E-09 -2.237544791867E-10 -7.181943139037E+02 -1.273131210504E+00  4.153867451858E+01
 -2.631485888431E-12  5.131601028892E-12 -3.371035806242E-12  3.993474565689E-12  6.690987695976E-13 -1.040818809799E-11 -1.145818621552E-08  2.390793343471E-09 -6.810534909428E-10 -1.273131210504E+00 -7.199250464386E+02 -2.199149313401E+01
 -6.494133103325E-13 -4.697307605766E-13  4.168707005025E-13  6.117368963953E-13  1.393429111894E-12 -1.887835126979E-12 -4.230642802856E-10  5.439942982661E-10 -1.694673553799E-11  4.153867451858E+01 -2.199149313401E+01 -3.078780184433E+00
  0.62923387245886175     
 -9.265739788206E-18  9.210068452925E-21  1.041809052497E-12 -7.094995444416E-14 -5.439086889576E-14 -3.830004898172E-15  1.417605381390E-13 -4.773398447788E-14  1.007846168024E-14  7.883937616791E-12 -8.136966033045E-13 -4.518971292981E-13
  9.210068452924E-21 -1.259031177628E-17 -1.110320280448E-10 -1.583723988371E-10 -6.219211106740E-14 -2.840468000298E-15  2.071141060848E-13  9.156550707432E-15  9.934317117146E-15  7.106397065416E-12 -7.102483904685E-13 -4.064901273974E-13
  1.041809052497E-12 -1.110320280448E-10 -1.125188056645E-02  1.380190619031E-14 -1.605361552204E-11 -7.273268947072E-11 -2.124636783171E-13  1.324441487232E-13  9.764828379868E-13 -4.051664794552E-12  3.588959628371E-12  4.335972991892E-13
 -7.094995444415E-14 -1.583723988371E-10  1.380231673347E-14 -1.125188056647E-02 -8.377970557845E-11 -3.636509226320E-11 -1.341266227710E-13  3.472761748688E-14 -9.580304480749E-15 -9.588230398448E-12  1.599612795503E-12  5.439937089024E-13
 -5.439086889576E-14 -6.219211106741E-14 -1.605361587017E-11 -8.377970560464E-11 -1.241112514860E-03 -4.231239144130E-15  5.089188691379E-11  2.458476714818E-10  8.701193601409E-12 -7.744026741429E-12  6.547649211306E-12  6.172660168667E-13
 -3.830004898168E-15 -2.840468000298E-15 -7.273268946918E-11 -3.636509231257E-11 -4.231235194120E-15 -1.241112514857E-03  1.747851260377E-10  2.241451867406E-11  8.590257379699E-12  1.948981863083E-11 -5.105708948508E-12 -1.228514199212E-12
  1.417605381391E-13  2.071141060847E-13 -2.124638965386E-13 -1.341268329949E-13  5.089188632478E-11  1.747851259483E-10 -8.501085003235E-02 -2.604794952452E-04 -4.289957917872E-03 -2.270364068540E-09 -1.957699824532E-08 -6.873349063981E-10
 -4.773398447791E-14  9.156550707443E-15  1.324435266205E-13  3.472739510330E-14  2.458476715704E-10  2.241451935981E-11 -2.604794952452E-04 -8.491587449743E-02  5.142765090709E-03 -1.412619724272E-08  4.469519504580E-09  9.170497992817E-10
  1.007846168024E-14  9.934317117146E-15  9.764828854438E-13 -9.580469575049E-15  8.701193573514E-12  8.590257345488E-12 -4.289957917872E-03  5.142765090709E-03 -5.295456750646E-04 -4.998874717584E-10 -1.099500913294E-09 -1.799642046899E-11
  7.883937616791E-12  7.106397065417E-12 -4.051694752650E-12 -9.588211348048E-12 -7.743992729556E-12  1.948983693206E-11 -2.270364572079E-09 -1.412619715335E-08 -4.998875407494E-10 -6.458250756119E+02 -1.250481381908E+00  3.456089706389E+01
 -8.136966033044E-13 -7.102483904679E-13  3.588987028669E-12  1.599587865197E-12  6.547617255970E-12 -5.105706363146E-12 -1.957699821015E-08  4.469519753208E-09 -1.099500906322E-09 -1.250481381908E+00 -6.468326333118E+02 -2.333667342344E+01
 -4.518971292981E-13 -4.064901273974E-13  4.335931406035E-13  5.439945640869E-13  6.172677421143E-13 -1.228514103893E-12 -6.873349149345E-10  9.170497687093E-10 -1.799641986826E-11  3.456089706389E+01 -2.333667342344E+01 -2.696291390884E+00
  0.75449093081508067     
 -2.750905772560E-17  1.519649839296E-20  1.093043544212E-12 -7.731439801427E-14  7.457472672782E-13  1.470031090986E-13 -5.448196810286E-13 -1.007998164661E-13  1.435757850954E-14  4.103168472900E-12 -4.236186575018E-14 -3.864816584477E-13
  1.519649839296E-20 -3.740064579113E-17 -2.054046143297E-10 -2.921083668489E-10  1.340542232210E-12  1.482001638496E-14 -4.185341276552E-13  6.781108994970E-14  1.573609596106E-14  3.313448799441E-12  3.725821863026E-13 -3.149856194917E-13
  1.093043544212E-12 -2.054046143297E-10 -1.289139175651E-02  4.739919044776E-15  3.504680795720E-10 -1.468499021738E-09  4.212545956688E-13  1.365301028768E-13  9.534441473484E-13 -3.161601444454E-12  8.609218850739E-13  3.329622494650E-13
 -7.731439801423E-14 -2.921083668489E-10  4.740115652172E-15 -1.289139175654E-02 -1.395219702980E-09 -1.368080638776E-11  9.038896820610E-13  1.584058386704E-13 -2.335318302332E-14 -3.478545504314E-12  9.450862568225E-13  2.953033255006E-13
  7.457472672782E-13  1.340542232210E-12  3.504680734912E-10 -1.395219703072E-09 -4.079491755895E-01  1.267471366332E-13 -2.065321453244E-10 -2.864210285175E-10 -7.335796659116E-10 -2.953590134411E-12  5.687630771526E-13  1.519803135138E-12
  1.470031090987E-13  1.482001638492E-14 -1.468499023109E-09 -1.368080535201E-11  1.267476883530E-13 -4.079491755895E-01  3.055910707131E-10 -1.842999961159E-10  5.326784992945E-11  1.255876364565E-11 -1.638906095777E-12 -1.018531961031E-12
 -5.448196810287E-13 -4.185341276551E-13  4.212606857022E-13  9.038890626817E-13 -2.065321775270E-10  3.055910703835E-10 -4.105860274362E-01 -4.299194325302E-04  1.326771300889E-02 -1.537773563561E-09 -1.999771244815E-08  5.787268320125E-10
 -1.007998164660E-13  6.781108994975E-14  1.365332001139E-13  1.584067084805E-13 -2.864210268063E-10 -1.843000306789E-10 -4.299194325302E-04 -4.105845557288E-01 -1.329044157345E-02 -1.515597581634E-08  3.959996424789E-09  1.316992563712E-09
  1.435757850954E-14  1.573609596106E-14  9.534442771686E-13 -2.335318214352E-14 -7.335796670878E-10  5.326785090464E-11  1.326771300889E-02 -1.329044157345E-02 -8.598401244792E-04 -1.399612334155E-11 -1.794651356148E-09  1.916715157304E-12
  4.103168472900E-12  3.313448799442E-12 -3.161559639427E-12 -3.478532601493E-12 -2.953278228797E-12  1.255877654909E-11 -1.537774332347E-09 -1.515597583673E-08 -1.399611897829E-11 -2.053758006392E+02  1.374588290608E-01  1.935863726046E+01
 -4.236186575111E-14  3.725821863017E-13  8.609241633088E-13  9.450894420962E-13  5.688635728073E-13 -1.638889530560E-12 -1.999771241042E-08  3.959996904846E-09 -1.794651357033E-09  1.374588290608E-01 -2.071902753544E+02  1.458227322307E+00
 -3.864816584475E-13 -3.149856194918E-13  3.329631076098E-13  2.953013348990E-13  1.519791475004E-12 -1.018536204052E-12  5.787268661629E-10  1.316992580865E-09  1.916714363318E-12  1.935863726046E+01  1.458227322307E+00 -1.835183427039E+00
  0.89535646595713614     
 -7.670616884865E-17 -4.241711962447E-20 -6.977147330110E-13  7.973942117121E-15  4.785687511620E-15 -2.992839459656E-15 -1.158635745893E-13 -1.457270739520E-13  2.741612187359E-16 -1.296355587835E-14 -2.338052626257E-13  6.034320905167E-15
 -4.241711962446E-20 -1.043208919191E-16 -1.483594137223E-10 -2.109003177231E-10 -4.658803892846E-14  4.010500682698E-14 -3.683751632901E-14 -8.681094965187E-14  5.623450125997E-16 -4.940855102273E-13  4.759005043803E-13  3.925249171948E-14
 -6.977147330110E-13 -1.483594137223E-10 -2.407725879010E-03 -5.393271767995E-15 -2.546875300062E-10  6.987301927842E-10 -2.282700733615E-14  6.935611027545E-15 -7.928841428679E-13  4.391387115662E-13 -1.193899324952E-13 -5.708643214559E-14
  7.973942117121E-15 -2.109003177231E-10 -5.393250296375E-15 -2.407725878997E-03  6.281823180747E-10 -7.547128106572E-11  5.006997475307E-13  4.230422817785E-13 -8.915993711835E-15 -3.782920936434E-13  1.927564646755E-13  2.680210659202E-14
  4.785687511622E-15 -4.658803892830E-14 -2.546875299286E-10  6.281823183347E-10 -6.658592084737E-02 -4.702479994642E-15 -7.277653026079E-10 -4.459274379655E-09  5.131943995686E-10  6.605661869437E-13  1.041013571127E-13 -5.998619636172E-14
 -2.992839459669E-15  4.010500682703E-14  6.987301927162E-10 -7.547128143594E-11 -4.702970824563E-15 -6.658592084736E-02 -3.596816374580E-09 -7.078049969304E-12 -5.186244416790E-11  1.887954873295E-13 -8.172487879666E-13 -6.292615877081E-14
 -1.158635745896E-13 -3.683751632845E-14 -2.282583467681E-14  5.006998062160E-13 -7.277652893775E-10 -3.596816371353E-09 -2.211670091018E+00 -3.220071310226E-04 -2.742459230658E-02 -2.166983205205E-09 -1.546094823935E-08  1.717082688132E-09
 -1.457270739521E-13 -8.681094965183E-14  6.936130610674E-15  4.230449233454E-13 -4.459274379641E-09 -7.078071068984E-12 -3.220071310226E-04 -2.211705333921E+00  2.596484803283E-02 -1.302192299824E-08  3.558398893040E-09  1.004440757923E-09
  2.741612187353E-16  5.623450125968E-16 -7.928841434692E-13 -8.915986476929E-15  5.131943997841E-10 -5.186244428584E-11 -2.742459230658E-02  2.596484803283E-02 -6.449778541172E-04  2.945107336155E-10 -1.216444149337E-09  1.279009939044E-11
 -1.296355587915E-14 -4.940855102268E-13  4.391420067702E-13 -3.782917730795E-13  6.605923116044E-13  1.888050008075E-13 -2.166983509239E-09 -1.302192300010E-08  2.945107317164E-10 -3.369528763264E+01  6.776400077936E-02  3.334994358994E+00
 -2.338052626245E-13  4.759005043799E-13 -1.193867119216E-13  1.927596921619E-13  1.040871410667E-13 -8.172912993868E-13 -1.546094797783E-08  3.558399218789E-09 -1.216444152700E-09  6.776400077936E-02 -3.401159944416E+01  6.843745251648E-01
  6.034320905109E-15  3.925249171944E-14 -5.708618801146E-14  2.680212486925E-14 -5.998734048449E-14 -6.292678689768E-14  1.717082738410E-09  1.004440752262E-09  1.279009896430E-11  3.334994358994E+00  6.843745251648E-01 -3.441235262422E-01
   1.0527469898671145     
 -2.027228893804E-16 -6.224429870237E-20 -8.292374146262E-14 -2.225068792413E-15  5.589313071470E-14 -3.018319495274E-14 -1.121560530927E-13  4.151580977649E-13  7.960054307634E-15  2.980583530348E-13  2.707154747184E-14  3.242834091370E-15
 -6.224429870237E-20 -2.757221343859E-16 -3.336773603485E-11 -4.740458516587E-11 -5.696620478046E-14 -4.496971305141E-14 -1.759072216545E-14  3.254428584483E-14  1.128706564094E-14  2.284581722549E-13  3.522458037806E-13  6.774057603169E-15
 -8.292374146262E-14 -3.336773603485E-11 -4.603587497928E-05  1.776771481879E-16 -2.575862900966E-10  8.522190787916E-10  1.407480837756E-14 -2.387075961922E-14 -1.038621919494E-13 -4.473297233528E-13 -1.503377214425E-13 -1.163432627088E-14
 -2.225068792426E-15 -4.740458516587E-11  1.776757692381E-16 -4.603587497924E-05  7.864814755717E-10 -4.318908541322E-11  2.597941869018E-13 -1.021379923407E-12 -1.542723079879E-15  1.585079019198E-13 -5.082070862426E-14  1.419781349672E-15
  5.589313071470E-14 -5.696620478033E-14 -2.575862900938E-10  7.864814755662E-10 -2.737607401936E-02  5.338794869017E-15 -3.277653837555E-11 -7.804841556961E-10  6.396504015472E-10 -5.993208782358E-13 -2.182100401491E-13  8.989613097809E-14
 -3.018319495275E-14 -4.496971305145E-14  8.522190787664E-10 -4.318908540342E-11  5.338859572060E-15 -2.737607401936E-02 -9.702192469460E-10  3.510374684364E-10  2.193713743218E-10  5.206342502153E-13 -4.766934518114E-13 -5.433983531640E-15
 -1.121560530927E-13 -1.759072216541E-14  1.407481124568E-14  2.597941898064E-13 -3.277653794269E-11 -9.702192469134E-10 -4.246483516203E-03  1.448588801254E-03  4.699805018840E-03  4.540495942538E-10 -1.094806373764E-08  9.593747024390E-12
  4.151580977649E-13  3.254428584487E-14 -2.387075237421E-14 -1.021379908507E-12 -7.804841556970E-10  3.510374685688E-10  1.448588801254E-03 -9.573733620757E-03  1.195308484752E-03 -8.334983753121E-09  8.789144117080E-10 -2.893415178753E-10
  7.960054307617E-15  1.128706564096E-14 -1.038621745954E-13 -1.542725091571E-15  6.396504021564E-10  2.193713742036E-10  4.699805018840E-03  1.195308484752E-03 -6.064093645135E-03  2.986497963498E-11  1.693401843064E-10 -1.076955583791E-10
  2.980583530361E-13  2.284581722555E-13 -4.473293387602E-13  1.585078483496E-13 -5.993600214442E-13  5.206342875336E-13  4.540495874287E-10 -8.334983746267E-09  2.986497416851E-11 -8.679974243785E+00  1.089576563909E-03 -8.422312081576E-02
  2.707154747094E-14  3.522458037808E-13 -1.503380901674E-13 -5.082127115245E-14 -2.181923797105E-13 -4.767210897751E-13 -1.094806373962E-08  8.789144051167E-10  1.693401823340E-10  1.089576563909E-03 -8.679339169056E+00 -1.122721869572E-01
  3.242834091369E-15  6.774057603168E-15 -1.163432783280E-14  1.419786217791E-15  8.989619044691E-14 -5.434271116109E-15  9.593747257350E-12 -2.893415180975E-10 -1.076955583617E-10 -8.422312081576E-02 -1.122721869572E-01 -2.269807980269E-03
   1.2275790145271024     
 -5.095341878595E-16 -1.123798053024E-19  1.826147710265E-13 -7.073005382899E-16  3.898560113443E-13 -3.414932001318E-14  1.023495175884E-13  4.737219287277E-14 -1.621287562121E-15 -1.639713298646E-13 -7.561659262612E-14  1.550623520346E-14
 -1.123798053024E-19 -6.929961390671E-16  9.927874706894E-11  1.409994981278E-10  9.230025445917E-14  4.167602838962E-14  2.179169583345E-13  2.980286401798E-14 -3.054884225807E-15 -6.463851733591E-13 -6.991929463079E-14  8.334651979981E-14
  1.826147710265E-13  9.927874706894E-11 -1.620889104200E-04  1.271491892149E-16 -2.043469120339E-09  6.872165251743E-09 -1.300044665560E-13  2.964636488292E-14  2.063432149328E-13  1.923743238968E-13 -6.432974420081E-14 -2.615799610629E-14
 -7.073005383024E-16  1.409994981278E-10  1.271485450680E-16 -1.620889104206E-04  6.423457403336E-09 -1.438100559594E-10  2.863464670439E-13 -2.220293004195E-13  4.491134797521E-16  3.080097359542E-14  1.227983433002E-13  9.150775584729E-15
  3.898560113443E-13  9.230025445808E-14 -2.043469119277E-09  6.423457403177E-09 -6.408359837324E-01  2.938716158517E-15 -1.450179152251E-09 -1.195258349800E-08  3.872195350728E-09  3.383672347650E-14  1.274642830007E-13  2.624554867605E-13
 -3.414932001218E-14  4.167602838947E-14  6.872165251899E-09 -1.438100559065E-10  2.952849324764E-15 -6.408359837324E-01 -1.131840799846E-08  9.755961240921E-10 -3.068980477186E-11 -2.041787173916E-13 -7.672609873627E-14 -1.580423835967E-13
  1.023495175884E-13  2.179169583346E-13 -1.300050104664E-13  2.863464214157E-13 -1.450179138780E-09 -1.131840800226E-08 -1.352238889210E+00  1.002016046200E-04  1.792015654474E-02  1.493546930500E-09 -2.804560621520E-08  9.271729671795E-11
  4.737219287287E-14  2.980286401694E-14  2.964657487866E-14 -2.220289340862E-13 -1.195258352118E-08  9.755961200913E-10  1.002016046200E-04 -1.352434101210E+00  7.560886524345E-03 -2.340186205939E-08  2.101612864846E-09  2.609285396450E-09
 -1.621287562122E-15 -3.054884225795E-15  2.063432025170E-13  4.491149056326E-16  3.872195351339E-09 -3.068980439330E-11  1.792015654474E-02  7.560886524345E-03 -2.797662797299E-04 -1.639265640475E-09 -2.796759342664E-09 -7.910566388128E-11
 -1.639713298683E-13 -6.463851733608E-13  1.923746371710E-13  3.079989533458E-14  3.367740224152E-14 -2.041608448700E-13  1.493546830419E-09 -2.340186205769E-08 -1.639265643768E-09 -1.585043684748E+01 -2.132746956452E-01  2.189996864117E+00
 -7.561659262250E-14 -6.991929463021E-14 -6.432820207438E-14  1.227964522579E-13  1.274484579147E-13 -7.686774505733E-14 -2.804560609415E-08  2.101613050128E-09 -2.796759343736E-09 -2.132746956452E-01 -1.600697711323E+01 -1.529106142513E+00
  1.550623520351E-14  8.334651979944E-14 -2.615793830279E-14  9.150862027073E-15  2.624361280640E-13 -1.580350830887E-13  9.271727710015E-11  2.609285363460E-09 -7.910566413254E-11  2.189996864117E+00 -1.529106142513E+00 -4.543668539981E-01
   1.4207690519191860     
 -1.224653229503E-15  9.758798215644E-20  2.016340580969E-13  8.355181805840E-15  2.921065692785E-15  2.190253397941E-15  5.070895338902E-14  7.794011782934E-14  3.511167508030E-15  7.654412588100E-14  4.935212105497E-14 -3.240701070667E-14
  9.758798215652E-20 -1.665530603492E-15 -3.223426076904E-10 -4.577054697110E-10  1.112504124379E-14 -2.205857982426E-14 -2.348731592456E-15 -6.451444968356E-15 -5.373090157206E-17 -2.042655908590E-13 -1.469390166601E-14  8.887864795236E-14
  2.016340580969E-13 -3.223426076904E-10 -7.108525151323E-04  7.608504840078E-16  2.736049783886E-10 -1.271387194843E-09  1.998676553550E-14  2.482221719994E-14  2.134355608505E-13  1.734542615505E-13  7.703872117107E-14 -7.063104612672E-14
  8.355181805780E-15 -4.577054697110E-10  7.608430799297E-16 -7.108525151322E-04 -1.231053642394E-09 -7.838482856486E-11 -2.806071076057E-14 -2.815193255182E-13  3.830295505124E-15 -1.130794324580E-13 -1.387545554758E-13  4.444739525811E-14
  2.921065692762E-15  1.112504124376E-14  2.736049784209E-10 -1.231053642404E-09 -5.189767949300E-03  2.802164288676E-16 -5.758572488912E-10 -2.190074146937E-09 -4.981597687203E-10 -2.613172906895E-13 -7.318984861193E-14  1.392024734592E-13
  2.190253398009E-15 -2.205857982432E-14 -1.271387194852E-09 -7.838482869483E-11  2.802397113596E-16 -5.189767949302E-03 -1.312491504159E-09 -4.474911884496E-10 -2.383255723503E-10 -7.771086380279E-14  2.387929245930E-13  5.656745936104E-14
  5.070895338902E-14 -2.348731592385E-15  1.998653987502E-14 -2.806076217546E-14 -5.758572487564E-10 -1.312491504004E-09 -6.701196221714E-02 -3.277459876307E-04 -8.567585480248E-03  3.152407258817E-09 -1.647208734487E-08 -6.936776730744E-10
  7.794011782889E-14 -6.451444968123E-15  2.482227951568E-14 -2.815190428804E-13 -2.190074146279E-09 -4.474911892586E-10 -3.277459876307E-04 -6.801102370513E-02  2.559742021603E-03 -1.362204729386E-08  1.534998445317E-09  5.276088498290E-09
  3.511167508055E-15 -5.373090155026E-17  2.134355802637E-13  3.830297049812E-15 -4.981597688098E-10 -2.383255723048E-10 -8.567585480248E-03  2.559742021603E-03 -1.194903170312E-03 -2.028864429111E-11 -5.677532519118E-09  5.001999681228E-11
  7.654412588027E-14 -2.042655908594E-13  1.734543750051E-13 -1.130799427242E-13 -2.613177351754E-13 -7.771078594412E-14  3.152407264036E-09 -1.362204729455E-08 -2.028864422171E-11 -2.766248776829E+00 -2.473497749528E-02  1.207201614156E+00
  4.935212105613E-14 -1.469390166521E-14  7.703780499661E-14 -1.387498348342E-13 -7.318926569637E-14  2.387959322682E-13 -1.647208734996E-08  1.534998426841E-09 -5.677532520902E-09 -2.473497749528E-02 -3.292136540878E+00 -5.665531514157E-02
 -3.240701070681E-14  8.887864795163E-14 -7.063111107161E-14  4.444715909376E-14  1.392030776643E-13  5.656734257303E-14 -6.936776747352E-10  5.276088497985E-09  5.001999483460E-11  1.207201614156E+00 -5.665531514157E-02 -5.282094440874E-01
   1.6332336140254522     
 -2.825614474487E-15 -1.206256156692E-19 -1.634362013392E-13  6.081549651584E-15 -1.441890831924E-16  1.099038895723E-14 -9.983048653871E-15  8.356157288158E-14 -9.590516761374E-16  4.904003931735E-15 -5.576258968563E-15 -8.008020417981E-15
 -1.206256156692E-19 -3.842842348340E-15 -4.351308415919E-10 -6.164385545605E-10  7.474122497608E-14 -5.299992503433E-14  3.191223525801E-15 -1.798437000683E-15  1.961341822771E-16 -7.406659665130E-15 -8.943628726183E-15 -3.004551030181E-15
 -1.634362013391E-13 -4.351308415919E-10 -5.596929874179E-04  1.338108506998E-15  1.076788294842E-09 -3.921950378994E-09 -7.737823012519E-14 -1.139299341636E-14 -1.988560126568E-13  6.996754226139E-15  9.795966310988E-15  1.862036535232E-15
  6.081549651599E-15 -6.164385545605E-10  1.338105517393E-15 -5.596929874158E-04 -3.729784424941E-09 -8.305569886429E-11  8.155160009281E-15 -1.002699126680E-13 -7.202057358964E-16  3.083709022250E-14  1.327105612673E-14 -9.317781059371E-15
 -1.441890832983E-16  7.474122497609E-14  1.076788294711E-09 -3.729784424954E-09 -3.074503442801E-02 -3.346367065091E-15  1.001425037640E-09  6.500897035401E-09 -1.924813925598E-09 -9.026627392694E-14 -3.561753749621E-15  9.084541904194E-14
  1.099038895684E-14 -5.299992503424E-14 -3.921950379040E-09 -8.305569879935E-11 -3.346521812958E-15 -3.074503442801E-02  6.086338613414E-09 -4.354913785020E-10  2.302097019018E-10  2.547671158541E-14  9.735445072569E-14  4.635331387558E-14
 -9.983048653906E-15  3.191223525652E-15 -7.737817208036E-14  8.155134522822E-15  1.001425036136E-09  6.086338613258E-09 -7.680236403844E-02 -2.005233837508E-05 -4.536685573043E-03  7.388371622028E-10 -1.228922598310E-09 -5.547191642059E-09
  8.356157288183E-14 -1.798437000696E-15 -1.139334201395E-14 -1.002702163251E-13  6.500897034835E-09 -4.354913723194E-10 -2.005233837508E-05 -7.706884907388E-02  3.394630021048E-04  1.819391637786E-09  1.722242727094E-09  1.877649530861E-09
 -9.590516761127E-16  1.961341822591E-16 -1.988559995583E-13 -7.202067473600E-16 -1.924813925337E-09  2.302097018830E-10 -4.536685573043E-03  3.394630021048E-04 -2.694859165495E-04 -3.009534428469E-09 -2.081633608686E-09 -1.143116536588E-10
  4.904003931692E-15 -7.406659665260E-15  6.996841592097E-15  3.083712700897E-14 -9.026602972208E-14  2.547664181259E-14  7.388371621340E-10  1.819391638031E-09 -3.009534428475E-09 -1.687210916771E-01 -5.382417693041E-02  6.190258833575E-02
 -5.576258968519E-15 -8.943628725946E-15  9.795730614187E-15  1.327124698828E-14 -3.562570479184E-15  9.735380719261E-14 -1.228922597607E-09  1.722242731914E-09 -2.081633608724E-09 -5.382417693041E-02 -1.359633856637E-01 -8.354237770013E-02
 -8.008020417929E-15 -3.004551029797E-15  1.862205771798E-15 -9.317705041902E-15  9.084289277241E-14  4.635464924973E-14 -5.547191641641E-09  1.877649537622E-09 -1.143116538157E-10  6.190258833575E-02 -8.354237770013E-02 -1.125221551171E-01
   1.8658892128279874     
 -6.282122158933E-15 -2.350330561077E-19 -2.576597570975E-14  1.661875705301E-15  1.542361468101E-15 -4.004753020894E-15  4.822235533995E-14  1.384967093106E-13  3.607089779416E-15 -3.417564309056E-14 -9.428464333476E-15 -3.284434009655E-15
 -2.350330561079E-19 -8.543729104794E-15 -7.512425149052E-11 -1.059307802888E-10 -3.383294509822E-14 -4.155924256482E-15  2.994023961472E-14 -2.417274117070E-14  3.556805401431E-15 -1.912210081194E-14 -1.631459250588E-14 -6.028190994320E-16
 -2.576597570974E-14 -7.512425149052E-11 -7.457078677923E-06  1.261851289620E-15 -2.571442852307E-10  7.161404202673E-10 -2.037010655804E-13  1.761477504223E-14 -5.127992532959E-14  8.654150089600E-15  1.429202007354E-14 -1.215937412003E-15
  1.661875705288E-15 -1.059307802888E-10  1.261851343270E-15 -7.457078677023E-06  6.646183510948E-10 -3.266364221933E-11 -6.897521398376E-14 -3.696949227096E-13 -3.403399131055E-15  2.251696502627E-14  1.211706767961E-14  1.502327644557E-15
  1.542361468108E-15 -3.383294509825E-14 -2.571442852222E-10  6.646183510950E-10 -7.211751838878E-04  4.153930648757E-16  1.777067245297E-09  6.735867489556E-09  5.571364489444E-10  1.729985064464E-13 -9.763300443128E-15  1.012831995351E-14
 -4.004753021050E-15 -4.155924256550E-15  7.161404202707E-10 -3.266364221085E-11  4.153850952461E-16 -7.211751838858E-04  4.798635499511E-09  7.103835982052E-10  5.837634399847E-10 -3.593004791292E-14  1.516983655256E-14 -7.122714125723E-15
  4.822235534010E-14  2.994023961427E-14 -2.037010846389E-13 -6.897520869367E-14  1.777067245185E-09  4.798635499624E-09 -9.262838265861E-02 -1.209424476933E-04 -1.010978333477E-02 -1.610780540583E-09  1.234068944654E-08 -3.556423849335E-09
  1.384967093099E-13 -2.417274117056E-14  1.761480415631E-14 -3.696949169561E-13  6.735867489249E-09  7.103835986865E-10 -1.209424476933E-04 -9.371870316136E-02  1.107946624534E-03  1.236533276131E-08  1.682945592620E-09  2.272517032373E-10
  3.607089779463E-15  3.556805401493E-15 -5.127992552192E-14 -3.403399134535E-15  5.571364490007E-10  5.837634399857E-10 -1.010978333477E-02  1.107946624534E-03 -1.116829038584E-03 -7.312621504763E-10 -2.499949556764E-10 -2.662582549155E-10
 -3.417564309038E-14 -1.912210081142E-14  8.654153010642E-15  2.251696139592E-14  1.729990504910E-13 -3.593007137496E-14 -1.610780556335E-09  1.236533276243E-08 -7.312621510898E-10 -1.491480396250E-01 -2.092389819604E-03 -1.870342155838E-02
 -9.428464332922E-15 -1.631459250526E-14  1.429199286565E-14  1.211706649745E-14 -9.763273194494E-15  1.516991645911E-14  1.234068944708E-08  1.682945594223E-09 -2.499949554912E-10 -2.092389819604E-03 -1.496792676565E-01  1.647925098855E-02
 -3.284434009598E-15 -6.028190995155E-16 -1.215935167683E-15  1.502328886839E-15  1.012831923903E-14 -7.122704770607E-15 -3.556423850287E-09  2.272517038828E-10 -2.662582549220E-10 -1.870342155838E-02  1.647925098855E-02 -4.218362697794E-03
   2.1196523603088777     
 -1.349973557810E-14  7.509410322456E-19  4.824444641877E-13 -4.164318065934E-15  1.246063712190E-14  1.018915086829E-15  8.719940229808E-14  9.432566048780E-14 -2.216252719147E-15 -1.677899488990E-14  1.121359484864E-13 -2.665388551464E-14
  7.509410322460E-19 -1.835950604570E-14 -1.041733623890E-09 -1.458715585170E-09  4.398338720164E-14 -3.326456245074E-16 -3.185896081853E-14  8.137469822205E-15 -2.520076915101E-15 -1.634403810535E-14  8.884083307868E-14 -8.982940492466E-15
  4.824444641878E-13 -1.041733623890E-09 -6.611547682589E-04  2.092990181081E-15  3.557785896601E-10 -2.114716410187E-09  2.359884055263E-13 -3.638452266695E-14  5.021204649035E-13  5.212940406628E-15 -4.147180183485E-14  2.874143541988E-14
 -4.164318065759E-15 -1.458715585170E-09  2.093007485304E-15 -6.611547682572E-04 -2.116866382895E-09 -3.690377812179E-10 -2.480908713613E-13 -2.969447478242E-13  7.463187630488E-16  2.800518637496E-14 -1.830851708903E-13  4.205195988635E-14
  1.246063712191E-14  4.398338720149E-14  3.557785897390E-10 -2.116866382905E-09 -6.146364546834E-04 -1.909616220813E-15 -2.079619663659E-09 -7.492897517590E-09 -9.667629482089E-11 -5.180262558054E-14 -7.525372575073E-14  3.111985383086E-13
  1.018915086884E-15 -3.326456244466E-16 -2.114716410182E-09 -3.690377812201E-10 -1.909585037583E-15 -6.146364546831E-04 -5.698812584220E-09 -5.498697423893E-10 -3.647087214939E-10 -9.250685381964E-14  6.074470894586E-13 -1.297013572398E-13
  8.719940229816E-14 -3.185896081854E-14  2.359883612542E-13 -2.480908594518E-13 -2.079619663957E-09 -5.698812584248E-09 -5.576081032550E-02 -2.564756106006E-04 -3.279673945127E-03  5.970259700500E-10 -8.379844326504E-09  3.292539149870E-09
  9.432566048813E-14  8.137469823166E-15 -3.638449899909E-14 -2.969449145888E-13 -7.492897517679E-09 -5.498697422802E-10 -2.564756106006E-04 -5.561595842781E-02  4.334077236762E-03 -1.024455755353E-08  3.560949889402E-09  9.906520199941E-09
 -2.216252719134E-15 -2.520076915095E-15  5.021204707131E-13  7.463308558795E-16 -9.667629480908E-11 -3.647087215200E-10 -3.279673945127E-03  4.334077236762E-03 -5.330112828137E-04  2.646377259039E-09 -1.048528159422E-08  3.090094022367E-10
 -1.677899488977E-14 -1.634403810489E-14  5.212923575860E-15  2.800519466380E-14 -5.180261939568E-14 -9.250687421528E-14  5.970259691103E-10 -1.024455755369E-08  2.646377258917E-09 -1.864994212231E-02  3.647622563673E-02  4.379852206111E-02
  1.121359484861E-13  8.884083307943E-14 -4.147210678952E-14 -1.830851619084E-13 -7.525369468262E-14  6.074470911271E-13 -8.379844324507E-09  3.560949887626E-09 -1.048528159412E-08  3.647622563673E-02 -1.852123995704E-01  9.171079179344E-03
 -2.665388551563E-14 -8.982940492206E-15  2.874129247906E-14  4.205200820008E-14  3.111984750702E-13 -1.297013234101E-13  3.292539151089E-09  9.906520199324E-09  3.090094028077E-10  4.379852206111E-02  9.171079179344E-03 -1.818381488521E-01
   2.3954395684502101     
 -2.811711382442E-14  5.159715214417E-19 -1.861601623360E-13  1.936320700601E-14 -5.890270423717E-15 -6.400356188749E-15  3.424924004615E-14 -1.619455279742E-14  3.537431178615E-16 -1.134419723436E-14  1.791448881042E-14  7.469243122705E-16
  5.159715214418E-19 -3.823928174878E-14  1.078639498179E-09  1.492387658007E-09 -2.134580637741E-13 -2.381102320032E-14  1.271341928392E-14  1.113776287475E-14 -2.684812624431E-15 -1.298859086396E-14  1.356693546990E-14  5.590998692302E-15
 -1.861601623361E-13  1.078639498179E-09 -3.349760906576E-04  6.680978183638E-15 -1.505793169290E-09  5.509288511138E-09  2.350690429512E-13 -4.269939916393E-14 -1.326589537764E-13  8.101759235756E-15 -1.507034066108E-14 -3.962142905087E-15
  1.936320700613E-14  1.492387658007E-09  6.680963443202E-15 -3.349760906545E-04  5.346749626314E-09  3.970991649525E-10 -1.061197176755E-13  1.019656627375E-13 -3.246609059871E-15  9.113187872123E-15 -2.385149145122E-14  5.135900655772E-15
 -5.890270423777E-15 -2.134580637739E-13 -1.505793169286E-09  5.346749626336E-09 -5.117684139266E-03 -2.577561734755E-15 -1.733689989608E-09 -9.508173893848E-09  3.794323320126E-09 -1.313890044836E-13 -5.319982573719E-14  3.016945099772E-14
 -6.400356189213E-15 -2.381102320027E-14  5.509288511085E-09  3.970991649021E-10 -2.577557972373E-15 -5.117684139271E-03 -9.490838616740E-09  1.225550351724E-09  3.773797695458E-10 -1.077127217679E-13  1.512373027509E-13 -2.261416846244E-14
  3.424924004593E-14  1.271341928387E-14  2.350690397978E-13 -1.061197164818E-13 -1.733689989851E-09 -9.490838616859E-09 -1.934262797036E-02  2.083245315600E-04  1.268289226466E-03  9.575849178785E-10 -9.114877390745E-09  5.266421964604E-09
 -1.619455279821E-14  1.113776287521E-14 -4.269932472698E-14  1.019655430926E-13 -9.508173893711E-09  1.225550351309E-09  2.083245315600E-04 -1.891987624822E-02  3.093681096663E-03 -1.070671103704E-08  1.039164889496E-09  3.848502970069E-09
  3.537431179617E-16 -2.684812624374E-15 -1.326589468001E-13 -3.246616646313E-15  3.794323319959E-09  3.773797693481E-10  1.268289226466E-03  3.093681096663E-03 -5.935616735993E-04  3.528201506109E-09 -4.040896890717E-09 -2.480717953786E-11
 -1.134419723417E-14 -1.298859086406E-14  8.101793038494E-15  9.113181067082E-15 -1.313891134107E-13 -1.077127740241E-13  9.575849173805E-10 -1.070671103711E-08  3.528201506069E-09 -1.819149751618E-02  9.676582202306E-03  1.418966302573E-02
  1.791448881063E-14  1.356693546982E-14 -1.507037698713E-14 -2.385155982657E-14 -5.319977005729E-14  1.512372561539E-13 -9.114877390589E-09  1.039164888782E-09 -4.040896890951E-09  9.676582202306E-03 -2.863239953536E-02  8.467707732379E-03
  7.469243125193E-16  5.590998692462E-15 -3.962109850773E-15  5.135862002349E-15  3.016949121755E-14 -2.261420558237E-14  5.266421964247E-09  3.848502969662E-09 -2.480717951996E-11  1.418966302573E-02  8.467707732379E-03 -2.198993877767E-02
   2.6941673492340708     
 -5.690022847601E-14  1.232037555327E-18 -2.389075378689E-13  3.240417056114E-14  1.948081136099E-15 -4.274902172455E-16  1.242322164299E-14 -6.553895849311E-14  1.388998504814E-15  1.284186380636E-15  5.308595795942E-15  1.106948996544E-15
  1.232037555328E-18 -7.738443017294E-14  1.140006395611E-09  1.546863866348E-09 -7.160809547354E-14 -1.536049255221E-14 -7.115422488291E-16  1.887121113357E-15  4.012506697197E-16 -1.929669364670E-16  1.868571334202E-15 -9.377855302299E-16
 -2.389075378689E-13  1.140006395611E-09 -1.802560661640E-04  1.170828431686E-14 -3.526748870111E-10  2.159885230084E-09  7.206313847078E-14 -1.033298600456E-14 -2.286926192975E-13  2.632779637890E-16  4.317859293490E-16  3.859198619207E-15
  3.240417056105E-14  1.546863866348E-09  1.170828666641E-14 -1.802560661563E-04  2.166319628139E-09  4.027862653777E-10 -4.718388753072E-14  3.305201392063E-13 -9.191546359513E-15 -2.062759251598E-15 -1.397989842645E-14 -5.088827718294E-16
  1.948081136085E-15 -7.160809547357E-14 -3.526748870167E-10  2.166319628140E-09 -1.377954894684E-04 -3.606685233293E-15 -3.629793066077E-10 -2.092982505496E-09  1.437284177985E-09 -5.754392873893E-14 -1.222052989805E-14 -1.421647967163E-13
 -4.274902172823E-16 -1.536049255230E-14  2.159885230085E-09  4.027862653750E-10 -3.606684254934E-15 -1.377954894691E-04 -2.183290948699E-09  1.509952484545E-09  1.359334560181E-09 -1.207580295563E-14 -1.809656188099E-13  1.560004038231E-14
  1.242322164299E-14 -7.115422488040E-16  7.206315469223E-14 -4.718388654025E-14 -3.629793066093E-10 -2.183290948697E-09 -4.482930548346E-04  1.341877395904E-04  5.226366849133E-04  2.894545423929E-10 -2.367933154739E-09  1.802720400164E-09
 -6.553895849302E-14  1.887121113396E-15 -1.033298811459E-14  3.305201304894E-13 -2.092982505509E-09  1.509952484553E-09  1.341877395904E-04 -1.070044335057E-03  1.079816125248E-04 -2.507951841909E-09 -1.538991397893E-09 -3.603344687675E-09
  1.388998504897E-15  4.012506695915E-16 -2.286926205961E-13 -9.191541743256E-15  1.437284177985E-09  1.359334560178E-09  5.226366849133E-04  1.079816125248E-04 -6.772001567422E-04  6.298085299924E-10  3.767348655687E-09 -7.280934818130E-10
  1.284186380692E-15 -1.929669365819E-16  2.632687899315E-16 -2.062758754646E-15 -5.754392940332E-14 -1.207580617855E-14  2.894545423787E-10 -2.507951841911E-09  6.298085299532E-10 -6.284821269832E-04 -3.453131898511E-04 -1.193566929409E-03
  5.308595796236E-15  1.868571334128E-15  4.317769031753E-16 -1.397989885073E-14 -1.222052925703E-14 -1.809656237580E-13 -2.367933154737E-09 -1.538991397898E-09  3.767348655691E-09 -3.453131898511E-04 -3.036403500705E-03  1.677836673570E-04
  1.106948996540E-15 -9.377855301740E-16  3.859205608509E-15 -5.088762713895E-16 -1.421647838956E-13  1.560003568147E-14  1.802720400147E-09 -3.603344687645E-09 -7.280934817985E-10 -1.193566929409E-03  1.677836673570E-04 -2.505005017643E-03
   3.0167522146425458     
 -1.121236224008E-13  2.214467312462E-18 -3.843043150731E-13  6.744638339782E-14 -9.568121048561E-17  1.902562487345E-16 -1.057368820113E-14 -6.291209470993E-14  3.003027831054E-15  8.280535445503E-16  2.682392518579E-16  1.108726020188E-16
  2.214467312455E-18 -1.524881559196E-13  1.952252600357E-09  2.586517980176E-09  8.903151145322E-14 -1.158713544669E-14  1.106682272118E-15  4.420062446206E-15  5.143285870154E-15  1.923070829878E-16 -2.524523075150E-16  1.190108784604E-16
 -3.843043150732E-13  1.952252600357E-09 -2.601631723342E-04  2.464462591789E-14  4.919563572025E-10  4.688489026275E-10 -5.666878523137E-15 -1.200776949186E-15 -4.610277652780E-13  1.882821101079E-17 -1.197018315968E-16  4.618555003106E-15
  6.744638339785E-14  2.586517980176E-09  2.464462438927E-14 -2.601631723205E-04  5.993946701012E-10  6.708158104549E-10  9.904752843659E-14  6.327439683351E-13 -3.354927417881E-14 -9.705375192846E-16 -4.808948247400E-16  5.133537002656E-16
 -9.568121046270E-17  8.903151145301E-14  4.919563572047E-10  5.993946701028E-10 -1.370855799251E-04 -6.943710607895E-15  6.300385352435E-11  1.118925681402E-09 -4.534606066725E-10 -5.130794344857E-14 -2.376587913697E-15  5.803604326198E-14
  1.902562488394E-16 -1.158713544647E-14  4.688489026294E-10  6.708158104624E-10 -6.943712322701E-15 -1.370855799257E-04  1.982472225967E-09  3.136869701118E-09  3.411529131848E-09 -1.787275837808E-14  2.857780510373E-14  8.917338686751E-15
 -1.057368820112E-14  1.106682272085E-15 -5.666879797742E-15  9.904752782680E-14  6.300385351920E-11  1.982472225967E-09 -7.487379662689E-05 -3.776249387235E-04 -1.498056528200E-04  1.857083586205E-10 -6.988563402881E-10 -3.839085569975E-10
 -6.291209470992E-14  4.420062446227E-15 -1.200777531457E-15  6.327439688370E-13  1.118925681405E-09  3.136869701114E-09 -3.776249387235E-04 -2.214454541369E-03  2.566394311443E-05 -5.421898191637E-10 -1.292125168266E-10 -3.535833145507E-09
  3.003027830902E-15  5.143285870598E-15 -4.610277627031E-13 -3.354926898808E-14 -4.534606067018E-10  3.411529131845E-09 -1.498056528200E-04  2.566394311444E-05 -2.268966315473E-03 -4.391693437506E-10  3.092930607789E-09 -1.647241097978E-09
  8.280535445336E-16  1.923070829891E-16  1.882817141071E-17 -9.705409650597E-16 -5.130794492155E-14 -1.787275788990E-14  1.857083586192E-10 -5.421898191684E-10 -4.391693437283E-10 -1.250717751231E-04 -7.838344191334E-06 -2.645138369863E-05
  2.682392519530E-16 -2.524523075318E-16 -1.196936860650E-16 -4.808849924323E-16 -2.376587990475E-15  2.857781214962E-14 -6.988563402884E-10 -1.292125168344E-10  3.092930607782E-09 -7.838344191334E-06 -1.210610139510E-04  3.407073984305E-05
  1.108726020111E-16  1.190108784449E-16  4.618554435013E-15  5.133523983969E-16  5.803604290765E-14  8.917338335702E-15 -3.839085569982E-10 -3.535833145505E-09 -1.647241097976E-09 -2.645138369863E-05  3.407073984305E-05 -1.618161809077E-05
   3.3641106766577233     
 -2.155508218089E-13  4.429633647835E-18 -6.694426230440E-13  1.348854824985E-13 -1.930750137242E-16 -2.023271379533E-16 -4.721803319336E-16 -9.826155945902E-15  2.134628710648E-15 -4.991750854338E-19 -7.765381908894E-17 -3.643962428501E-17
  4.429633647823E-18 -2.931491183894E-13  3.226640982841E-09  4.186021928927E-09  5.965413285252E-14 -3.192333849591E-14 -5.540652985181E-17  6.198501376303E-16  8.229206114825E-16 -5.450716208998E-18  6.176918200191E-17  1.739688204208E-17
 -6.694426230440E-13  3.226640982841E-09 -3.599820354391E-04  4.700523797888E-14  3.891021169926E-10  2.070372000158E-09  7.500261599693E-14 -2.438788849519E-14 -8.441220996102E-13  2.108655533105E-16  3.323905875603E-16  9.600429936101E-16
  1.348854824985E-13  4.186021928927E-09  4.700524182630E-14 -3.599820354137E-04  2.216563336073E-09  1.070293804538E-09  4.766303209201E-14  1.011365966742E-12 -7.084933535505E-14  5.771444030245E-16  6.027111653624E-16 -1.607762935812E-16
 -1.930750137282E-16  5.965413285258E-14  3.891021169973E-10  2.216563336074E-09 -3.836585169056E-05 -1.352592883871E-14 -1.960099624145E-10 -1.670087809357E-10  1.221781143478E-09 -4.353846075933E-15  1.116826445002E-15  8.657535630405E-14
 -2.023271379850E-16 -3.192333849594E-14  2.070372000157E-09  1.070293804544E-09 -1.352592892910E-14 -3.836585169213E-05  5.059152570362E-10  5.896210755897E-09  5.847411983659E-09 -1.533903588436E-14  6.725369153369E-14  1.131361771514E-14
 -4.721803319033E-16 -5.540652982968E-17  7.500262033524E-14  4.766303066732E-14 -1.960099624134E-10  5.059152570368E-10 -3.053280585447E-05 -1.002368691939E-04  3.106831316150E-04 -4.565309935466E-11 -2.734686625619E-10  8.571427714895E-11
 -9.826155945939E-15  6.198501376463E-16 -2.438788776428E-14  1.011365965390E-12 -1.670087809091E-10  5.896210755899E-09 -1.002368691939E-04 -3.518045456794E-03 -8.922181543151E-06 -4.813084696735E-10 -6.265034579973E-11 -5.629571600087E-09
  2.134628710935E-15  8.229206122276E-16 -8.441220834283E-13 -7.084933167769E-14  1.221781143496E-09  5.847411983662E-09  3.106831316150E-04 -8.922181543151E-06 -3.493269845070E-03 -6.424694356323E-11  4.918446573936E-09 -2.765650497009E-09
 -4.991750846931E-19 -5.450716203947E-18  2.108656078920E-16  5.771444941803E-16 -4.353846971093E-15 -1.533903590988E-14 -4.565309935474E-11 -4.813084696668E-10 -6.424694356440E-11 -3.791449326808E-06  2.851339724381E-06 -6.239838202111E-06
 -7.765381909539E-17  6.176918197457E-17  3.323887474555E-16  6.027117873120E-16  1.116826417879E-15  6.725369146760E-14 -2.734686625618E-10 -6.265034578483E-11  4.918446573937E-09  2.851339724381E-06 -1.555016240927E-05 -1.433252960303E-06
 -3.643962426557E-17  1.739688199584E-17  9.600424296246E-16 -1.607752673934E-16  8.657535612625E-14  1.131361747710E-14  8.571427714903E-11 -5.629571600091E-09 -2.765650497013E-09 -6.239838202111E-06 -1.433252960303E-06 -1.306858397381E-05
   3.7371592472616877     
 -4.049699060834E-13  9.751496077230E-18 -1.081617011040E-12  2.505588530273E-13 -3.815401830221E-16  2.270291039466E-17 -1.506303809767E-16  5.480933936625E-14  6.089801613368E-16 -4.482951854627E-16  1.585267076499E-15 -3.119473487476E-16
  9.751496077228E-18 -5.507586459103E-13  4.331305655908E-09  5.529089250062E-09 -1.096856936124E-13 -7.952761655367E-14  3.733048764417E-17 -7.879790478542E-15  4.295174817040E-15 -2.365357943009E-16  8.676669629544E-16  8.362228562051E-17
 -1.081617011040E-12  4.331305655908E-09 -3.383734247033E-04  8.861012774220E-14 -2.166682122343E-11  4.502856541353E-09  3.926911353651E-14 -5.622644052326E-14 -1.797760428931E-12  2.383206288313E-16 -1.842003780810E-15 -5.039294583112E-15
  2.505588530275E-13  5.529089250062E-09  8.861013035794E-14 -3.383734246605E-04  4.625113421912E-09  1.370718619253E-09  2.846559386927E-14  2.085861245600E-12 -2.056708986672E-13  1.149372446819E-15 -2.396845319209E-15  1.921901702746E-15
 -3.815401830248E-16 -1.096856936125E-13 -2.166682122307E-11  4.625113421912E-09 -2.066061592419E-06 -2.528690090769E-14  1.862021163892E-11 -1.566280915037E-10  4.410250661969E-09 -2.655172150202E-14 -1.266217677835E-14  8.623377654847E-14
  2.270291036277E-17 -7.952761655366E-14  4.502856541353E-09  1.370718619253E-09 -2.528690089977E-14 -2.066061595511E-06 -2.621567555241E-10  1.249354860368E-08  1.130246205717E-08 -4.097772865779E-14  1.202688252049E-13  1.303188489144E-14
 -1.506303809760E-16  3.733048765172E-17  3.926911356659E-14  2.846559387809E-14  1.862021163893E-11 -2.621567555241E-10 -1.635227016265E-07  2.036393796477E-05 -2.790150449478E-05 -8.385060329167E-12  8.458832017634E-11  1.145302013505E-10
  5.480933936671E-14 -7.879790478820E-15 -5.622645458959E-14  2.085861252614E-12 -1.566280915002E-10  1.249354860368E-08  2.036393796477E-05 -7.296857280306E-03 -7.786812609731E-08 -6.166015730304E-11  5.750934445790E-10 -1.079974449311E-08
  6.089801617625E-16  4.295174818327E-15 -1.797760492604E-12 -2.056708924669E-13  4.410250661962E-09  1.130246205716E-08 -2.790150449478E-05 -7.786812609741E-08 -7.296807421953E-03  4.848391835817E-10  9.238565850890E-09 -5.249129567777E-09
 -4.482951854429E-16 -2.365357942776E-16  2.383216015310E-16  1.149372516246E-15 -2.655172149407E-14 -4.097772865800E-14 -8.385060329159E-12 -6.166015729625E-11  4.848391835801E-10 -6.475746104685E-06  2.310181399917E-05 -2.905535421415E-06
  1.585267076462E-15  8.676669629538E-16 -1.842006041651E-15 -2.396844943912E-15 -1.266217679873E-14  1.202688252371E-13  8.458832017628E-11  5.750934446135E-10  9.238565850878E-09  2.310181399917E-05 -8.381875346917E-05 -8.017774858553E-07
 -3.119473487393E-16  8.362228562630E-17 -5.039296936768E-15  1.921902772885E-15  8.623377634314E-14  1.303188498138E-14  1.145302013507E-10 -1.079974449308E-08 -5.249129567790E-09 -2.905535421415E-06 -8.017774858553E-07 -9.009281902211E-05
   4.1368144384365264     
 -7.447021372538E-13  2.282095156220E-17 -1.183571907281E-12  3.720389460055E-13 -4.498594093881E-16  1.821299772277E-16  4.417889979758E-16 -1.128623657190E-14 -2.107596903349E-15 -5.465967837770E-18  5.887530715865E-16  7.117835535723E-17
  2.282095156219E-17 -1.012794570887E-12  3.232427603098E-09  4.080473773199E-09 -2.985104618191E-13 -1.556345017941E-13  4.077626463138E-16 -8.954066889859E-15 -2.873553503932E-15 -1.833642831161E-17  1.630445120654E-16  2.376745723361E-16
 -1.183571907281E-12  3.232427603098E-09 -1.010802614478E-04  1.639394540499E-13 -3.018955780295E-10  4.301538034268E-09  1.579345098906E-13 -1.081863931593E-13 -1.878034918250E-12 -8.070911441708E-17 -4.345459621603E-16 -2.158636598641E-15
  3.720389460050E-13  4.080473773199E-09  1.639394511663E-13 -1.010802613706E-04  4.358558665634E-09  9.757149794072E-10 -2.058623869865E-14  2.379869343446E-12 -3.003069415307E-13  1.814977439752E-17 -1.082482145986E-15  8.850052086209E-16
 -4.498594093945E-16 -2.985104618191E-13 -3.018955780284E-10  4.358558665634E-09 -1.452537695293E-05 -4.657695399838E-14 -1.707037517580E-10 -1.287584636399E-09  4.822518175208E-09 -6.017713921333E-14 -3.215954873672E-14 -2.986488324387E-14
  1.821299773721E-16 -1.556345017941E-13  4.301538034268E-09  9.757149794077E-10 -4.657695414025E-14 -1.452537695863E-05 -1.777451132556E-09  1.136085865782E-08  9.585362391744E-09  9.687876633097E-15 -5.670428360156E-16  4.350198687473E-14
  4.417889979108E-16  4.077626462796E-16  1.579345097159E-13 -2.058623885772E-14 -1.707037517573E-10 -1.777451132556E-09 -1.004096518160E-05  9.081420391231E-05  1.489382814613E-04  8.126149993398E-12 -5.216650924831E-10  3.668570784174E-10
 -1.128623657169E-14 -8.954066890167E-15 -1.081863924796E-13  2.379869336937E-12 -1.287584636413E-09  1.136085865782E-08  9.081420391231E-05 -3.037888007980E-03  4.463094009681E-06 -6.219005230849E-10  3.983320446158E-10 -9.922839008228E-09
 -2.107596903033E-15 -2.873553504969E-15 -1.878034942787E-12 -3.003069367273E-13  4.822518175218E-09  9.585362391748E-09  1.489382814613E-04  4.463094009681E-06 -3.033289731271E-03  4.397394533156E-10  8.540801521169E-09 -4.341503267645E-09
 -5.465967838007E-18 -1.833642831195E-17 -8.070921908690E-17  1.814979641798E-17 -6.017713923503E-14  9.687876619496E-15  8.126149993370E-12 -6.219005230851E-10  4.397394533149E-10 -8.068780284782E-08 -9.848098479570E-10  1.044965284058E-06
  5.887530715969E-16  1.630445121142E-16 -4.345478290875E-16 -1.082482046214E-15 -3.215954875584E-14 -5.670429525403E-16 -5.216650924833E-10  3.983320446308E-10  8.540801521173E-09 -9.848098479569E-10 -1.361376782690E-05 -7.602056187410E-11
  7.117835534139E-17  2.376745722467E-16 -2.158636616762E-15  8.850053347489E-16 -2.986488311118E-14  4.350198708148E-14  3.668570784182E-10 -9.922839008224E-09 -4.341503267640E-09  1.044965284058E-06 -7.602056187397E-11 -1.353308026751E-05
   4.5639927621643261     
 -1.342258870877E-12  5.095960438011E-17 -1.289989492824E-12  5.795936687554E-13  5.238810946204E-16  2.395421837116E-16  1.043153048590E-15 -2.761374290260E-14  1.983442866806E-15 -9.354328321414E-17  2.209499765576E-17 -1.834392020340E-16
  5.095960438012E-17 -1.825472501119E-12  2.078068639941E-09  2.604909442920E-09 -4.379529031506E-13 -2.714693962919E-13  4.198830828829E-16 -2.122202655143E-15 -2.743337304232E-15 -1.471756205288E-16 -2.998916889269E-17 -2.696874088635E-16
 -1.289989492824E-12  2.078068639941E-09 -2.297932145459E-05  2.956582702658E-13 -3.167286584023E-10  3.177744468750E-09  2.597401915971E-13 -1.474487058326E-13 -1.205133051285E-12  3.717628586563E-17  1.983018962707E-16  4.728003695345E-16
  5.795936687552E-13  2.604909442920E-09  2.956582713401E-13 -2.297932131977E-05  3.200991321378E-09  6.043017905769E-10 -2.011089840004E-14  1.627800945971E-12 -2.961662997965E-13  4.657208631748E-18 -4.595216542106E-16  2.096440746249E-16
  5.238810946105E-16 -4.379529031507E-13 -3.167286584034E-10  3.200991321379E-09 -7.895070427427E-06 -8.385873976658E-14 -2.100549618425E-10 -1.407156933397E-09  2.946356832380E-09 -1.569585464039E-13 -6.266098587313E-14 -2.222288422988E-13
  2.395421837635E-16 -2.714693962920E-13  3.177744468750E-09  6.043017905762E-10 -8.385873994954E-14 -7.895070437967E-06 -1.786144985770E-09  5.982400872548E-09  4.731478870938E-09 -4.879576291086E-15 -2.995762804455E-13  1.121051719950E-13
  1.043153048549E-15  4.198830828227E-16  2.597401916840E-13 -2.011089843902E-14 -2.100549618426E-10 -1.786144985770E-09 -6.910947712143E-06  1.999063758678E-05  5.088121700846E-05  1.068037223441E-10 -1.094705646079E-09  8.569316525024E-10
 -2.761374290257E-14 -2.122202655058E-15 -1.474487057520E-13  1.627800945988E-12 -1.407156933396E-09  5.982400872548E-09  1.999063758678E-05 -4.384201148013E-04  2.352150048567E-06 -1.175309490310E-09 -2.877796481932E-10 -6.188026654108E-09
  1.983442866757E-15 -2.743337305137E-15 -1.205133052807E-12 -2.961662993885E-13  2.946356832382E-09  4.731478870938E-09  5.088121700846E-05  2.352150048567E-06 -4.333574319609E-04  4.769564985131E-10  5.629354544902E-09 -2.046852955677E-09
 -9.354328317893E-17 -1.471756204959E-16  3.717633232556E-17  4.657319501237E-18 -1.569585466796E-13 -4.879576342179E-15  1.068037223437E-10 -1.175309490309E-09  4.769564985140E-10 -3.864534848744E-06 -1.897025819271E-06 -6.768367907161E-06
  2.209499754868E-17 -2.998916896966E-17  1.983022196471E-16 -4.595217950225E-16 -6.266098589407E-14 -2.995762805853E-13 -1.094705646079E-09 -2.877796481956E-10  5.629354544902E-09 -1.897025819271E-06 -1.636843542350E-05  1.004254683388E-06
 -1.834392020758E-16 -2.696874089622E-16  4.728001293157E-16  2.096442186310E-16 -2.222288420657E-13  1.121051720192E-13  8.569316525023E-10 -6.188026654107E-09 -2.046852955679E-09 -6.768367907161E-06  1.004254683388E-06 -1.306684207044E-05
   5.0196107304271731     
 -2.374262135140E-12  1.048254054081E-16 -2.469393615476E-12  1.056584979492E-12  1.281632668638E-16  3.650576343199E-16 -2.627792846565E-16  6.680151175394E-14 -1.344410265486E-14 -9.817650290293E-18 -1.050540094309E-18  3.080315171964E-18
  1.048254054083E-16 -3.228996770835E-12  3.676175484074E-09  4.584194280668E-09 -5.466159826388E-13 -4.577970755645E-13  6.508960801780E-17 -2.688368637568E-15 -4.367656725913E-15 -1.326770610030E-17 -3.434623957843E-18  3.558712669101E-18
 -2.469393615476E-12  3.676175484074E-09 -4.039744900323E-05  5.235876259696E-13 -8.698696039189E-11  4.129227750497E-09  3.107314745895E-13 -4.053392550805E-13 -4.241723194092E-12 -5.338832911130E-17  2.185352119360E-16  6.325870034351E-16
  1.056584979492E-12  4.584194280668E-09  5.235876268570E-13 -4.039744877023E-05  4.208038272721E-09  1.097790932155E-09  2.186015840801E-14  5.343069503075E-12 -9.443167345342E-13  2.146508709348E-16 -2.912124245570E-16  2.149556878101E-16
  1.281632668663E-16 -5.466159826388E-13 -8.698696039090E-11  4.208038272721E-09 -1.241076633063E-06 -1.482673116071E-13 -7.585848987970E-11 -2.917529620540E-10  6.557145927323E-09 -1.875603768606E-13 -8.058651932669E-14 -5.861842220390E-14
  3.650576342911E-16 -4.577970755645E-13  4.129227750497E-09  1.097790932155E-09 -1.482673115896E-13 -1.241076651909E-06 -8.314189464685E-10  1.911980541106E-08  1.505845739127E-08  3.164558697466E-15 -1.456278500908E-13  1.677552816793E-13
 -2.627792846420E-16  6.508960799250E-17  3.107314743544E-13  2.186015839146E-14 -7.585848987967E-11 -8.314189464685E-10 -5.621980934666E-07  1.707023950502E-05  3.414326229902E-05  1.903482674162E-11 -3.075390417523E-10  2.154588165835E-10
  6.680151175413E-14 -2.688368637407E-15 -4.053392567527E-13  5.343069499909E-12 -2.917529620520E-10  1.911980541106E-08  1.707023950502E-05 -2.592341107577E-03  2.248682535104E-07 -3.318048020103E-10  9.169246755958E-10 -1.766313073859E-08
 -1.344410265318E-14 -4.367656726202E-15 -4.241723191281E-12 -9.443167342905E-13  6.557145927320E-09  1.505845739127E-08  3.414326229902E-05  2.248682535104E-07 -2.592003759659E-03  2.977391854746E-10  1.511123941604E-08 -6.453554905766E-09
 -9.817650286101E-18 -1.326770610672E-17 -5.338831734373E-17  2.146508882753E-16 -1.875603768728E-13  3.164558697371E-15  1.903482674164E-11 -3.318048020098E-10  2.977391854732E-10 -7.409302129858E-08  3.072026413226E-09  1.662037615553E-08
 -1.050540095515E-18 -3.434623957611E-18  2.185352374085E-16 -2.912124572041E-16 -8.058651932888E-14 -1.456278500921E-13 -3.075390417523E-10  9.169246755955E-10  1.511123941604E-08  3.072026413226E-09 -7.550082502673E-08  1.324277104350E-08
  3.080315170646E-18  3.558712671053E-18  6.325869965861E-16  2.149556872015E-16 -5.861842220183E-14  1.677552816770E-13  2.154588165835E-10 -1.766313073859E-08 -6.453554905766E-09  1.662037615553E-08  1.324277104350E-08 -6.303627126839E-09
   5.5045848552071535     
 -4.126237110636E-12  2.219339762291E-16 -3.101328954026E-12  1.694352349437E-12  3.514617848291E-17  6.712471046167E-16  3.673058807263E-17  1.084520840765E-14 -3.204135543535E-15 -5.209334300911E-18 -7.580573210152E-18 -3.664718926270E-17
  2.219339762291E-16 -5.611682703451E-12  2.612047168661E-09  3.248763725230E-09 -8.353827827599E-13 -7.845302784140E-13  3.458882697570E-17 -2.480023970969E-15 -2.180281036331E-15 -4.888072721792E-19  2.394836305279E-17 -3.490799363467E-17
 -3.101328954026E-12  2.612047168661E-09 -1.169834283332E-05  9.104775045158E-13 -5.774048380978E-11  2.928076185658E-09  5.106353379130E-13 -4.541498657703E-13 -3.181366342623E-12 -4.924081894667E-17  3.056963603487E-16  7.193750979815E-17
  1.694352349437E-12  3.248763725230E-09  9.104775046024E-13 -1.169834243284E-05  2.983007271075E-09  7.756528048999E-10  2.921812882004E-14  4.305384406601E-12 -9.627252794921E-13  1.166446098441E-16 -2.010372216731E-16  2.219678973927E-16
  3.514617847645E-17 -8.353827827599E-13 -5.774048380956E-11  2.983007271075E-09 -3.558306072221E-07 -2.577158193878E-13 -7.582872409250E-11 -2.895809908962E-10  4.060517422444E-09 -3.107897574158E-13 -1.323326121185E-13 -1.040630054410E-13
  6.712471046045E-16 -7.845302784139E-13  2.928076185658E-09  7.756528048997E-10 -2.577158193965E-13 -3.558306401103E-07 -5.890917089090E-10  1.199049911093E-08  9.255884240027E-09 -1.176649205253E-14 -3.124118080267E-13  3.016846154199E-13
  3.673058809264E-17  3.458882697915E-17  5.106353379265E-13  2.921812882602E-14 -7.582872409247E-11 -5.890917089090E-10 -2.639215611437E-07  1.665715327787E-06  1.222890065487E-05  8.467546856718E-12 -2.482615472398E-10  2.696224615361E-10
  1.084520840738E-14 -2.480023971021E-15 -4.541498666512E-13  4.305384406533E-12 -2.895809908966E-10  1.199049911093E-08  1.665715327787E-06 -5.774039994485E-04  3.529447660567E-08 -3.084940063034E-10  4.837982722791E-10 -1.138115633238E-08
 -3.204135542875E-15 -2.180281035228E-15 -3.181366343503E-12 -9.627252793354E-13  4.060517422444E-09  9.255884240027E-09  1.222890065487E-05  3.529447660568E-08 -5.771496935595E-04  1.884442407055E-10  9.802159594588E-09 -3.890812596176E-09
 -5.209334302194E-18 -4.888072642550E-19 -4.924083746794E-17  1.166446113029E-16 -3.107897574150E-13 -1.176649205290E-14  8.467546856723E-12 -3.084940063034E-10  1.884442407051E-10 -2.576585651058E-08 -1.118875382025E-07 -8.668808507143E-08
 -7.580573208867E-18  2.394836306030E-17  3.056965325043E-16 -2.010372346533E-16 -1.323326121198E-13 -3.124118080313E-13 -2.482615472398E-10  4.837982722784E-10  9.802159594588E-09 -1.118875382025E-07 -7.872047870287E-07  1.247447745585E-08
 -3.664718929141E-17 -3.490799358248E-17  7.193756920568E-17  2.219679581187E-16 -1.040630054266E-13  3.016846154208E-13  2.696224615361E-10 -1.138115633238E-08 -3.890812596176E-09 -8.668808507143E-08  1.247447745585E-08 -7.936405555154E-07
   6.0198316484863552     
 -7.052807278720E-12  4.562495524718E-16 -4.232494453438E-12  2.769963222871E-12 -9.390264182524E-17  1.313669655308E-15  2.216089672504E-17 -2.200120994207E-15  1.172096484177E-16 -1.355437583734E-17 -8.150287372778E-19  2.541895992650E-18
  4.562495524719E-16 -9.591816983748E-12  1.741602073521E-09  2.161330057240E-09 -1.336480829745E-12 -1.332115333750E-12 -1.898304204602E-17 -1.765294672193E-15 -2.003624974476E-16 -1.095170187557E-17 -5.592075293800E-18  5.382054484450E-18
 -4.232494453437E-12  1.741602073521E-09 -3.034460069982E-06  1.556927905265E-12 -4.553331293543E-11  1.979320534156E-09  8.084309579499E-13 -5.503335837537E-13 -2.242161302012E-12  2.944822322659E-17  2.828840139367E-16 -1.519790624475E-16
  2.769963222871E-12  2.161330057240E-09  1.556927905254E-12 -3.034459392426E-06  2.014565785550E-09  5.136866592657E-10 -1.683112412775E-14  3.471673393168E-12 -1.087801969394E-12  1.774554108000E-16 -8.474705749325E-17  4.076896826956E-16
 -9.390264182536E-17 -1.336480829745E-12 -4.553331293542E-11  2.014565785550E-09 -1.113206961530E-07 -4.404986082246E-13 -4.103159603600E-11 -1.616066507742E-10  2.589809197866E-09 -5.451435677504E-13 -2.196967261186E-13  1.039654965131E-15
  1.313669655297E-15 -1.332115333750E-12  1.979320534156E-09  5.136866592656E-10 -4.404986082231E-13 -1.113207525818E-07 -4.450212302358E-10  7.391317862637E-09  5.604319229609E-09 -2.455260854757E-14 -3.167863505907E-13  4.967803245269E-13
  2.216089672509E-17 -1.898304202845E-17  8.084309579741E-13 -1.683112412607E-14 -4.103159603600E-11 -4.450212302358E-10 -5.784991979217E-08  1.370184005612E-06  2.330866270341E-06  2.933056716715E-11 -2.570513973528E-10  2.071858240427E-10
 -2.200120993744E-15 -1.765294671992E-15 -5.503335838950E-13  3.471673393211E-12 -1.616066507742E-10  7.391317862637E-09  1.370184005612E-06 -1.264126788149E-04  2.527326951664E-08 -2.756324686291E-10  4.398451875069E-10 -6.752607130724E-09
  1.172096480743E-16 -2.003624974236E-16 -2.242161302305E-12 -1.087801969510E-12  2.589809197866E-09  5.604319229610E-09  2.330866270341E-06  2.527326951664E-08 -1.263845430366E-04  2.336324329274E-10  5.734739993908E-09 -2.345522180070E-09
 -1.355437582799E-17 -1.095170186739E-17  2.944822554463E-17  1.774554132077E-16 -5.451435677497E-13 -2.455260854766E-14  2.933056716715E-11 -2.756324686292E-10  2.336324329271E-10 -7.045396156523E-08  5.281780228591E-09  8.083892857708E-09
 -8.150287222447E-19 -5.592075294932E-18  2.828840140616E-16 -8.474707493640E-17 -2.196967261188E-13 -3.167863505901E-13 -2.570513973528E-10  4.398451875069E-10  5.734739993908E-09  5.281780228591E-09 -5.069851896701E-08  3.226088557136E-08
  2.541895987490E-18  5.382054481904E-18 -1.519790684704E-16  4.076896899091E-16  1.039654964708E-15  4.967803245253E-13  2.071858240427E-10 -6.752607130724E-09 -2.345522180070E-09  8.083892857708E-09  3.226088557136E-08 -2.240302255072E-08
   6.5662676222468619     
 -1.186754978161E-11  9.142640506947E-16 -6.752547308871E-12  4.621903049568E-12 -1.582260588795E-16  2.592802379819E-15  1.676812281103E-17 -2.187494829662E-15  2.049450178629E-16 -2.996500641186E-18  7.229068714645E-18 -8.833794908280E-18
  9.142640506954E-16 -1.613986705323E-11  1.894197945851E-09  2.346369643761E-09 -2.249074305464E-12 -2.241912017067E-12 -7.083911542429E-17 -1.407424055837E-15  4.102857191589E-16 -4.889129281610E-18  6.386892406432E-18 -1.232522541348E-17
 -6.752547308871E-12  1.894197945851E-09 -2.128455428431E-06  2.620826610521E-12 -8.109719426895E-11  2.258898571317E-09  1.354165739114E-12 -8.116461991404E-13 -2.104224542094E-12 -4.277742344405E-17  5.702323612564E-16  5.679428295501E-17
  4.621903049568E-12  2.346369643761E-09  2.620826610424E-12 -2.128454297757E-06  2.293920018856E-09  5.528756838463E-10 -2.121095898468E-14  3.737405026401E-12 -1.509806891807E-12  1.685633031355E-16 -1.567774129512E-16  7.002595719911E-16
 -1.582260588751E-16 -2.249074305464E-12 -8.109719426894E-11  2.293920018856E-09 -1.331661595560E-07 -7.411936806733E-13 -5.240179551516E-11 -3.056011717342E-10  2.187898208517E-09 -9.170664639305E-13 -3.721492857027E-13 -1.128785642105E-13
  2.592802379769E-15 -2.241912017067E-12  2.258898571317E-09  5.528756838463E-10 -7.411936806757E-13 -1.331662549540E-07 -5.659741684227E-10  5.933064905279E-09  4.414097003080E-09 -1.239346443044E-14 -6.960065057259E-13  8.527866736921E-13
  1.676812280840E-17 -7.083911545782E-17  1.354165739116E-12 -2.121095898473E-14 -5.240179551515E-11 -5.659741684227E-10 -4.869518273979E-08  4.833657207904E-07  1.439101451216E-06  4.135664141574E-11 -3.476032930863E-10  2.528028366327E-10
 -2.187494830013E-15 -1.407424056029E-15 -8.116461990429E-13  3.737405026375E-12 -3.056011717340E-10  5.933064905279E-09  4.833657207904E-07 -4.737370019264E-05  1.469787268719E-08 -3.498887630589E-10  2.054878295483E-10 -5.750705675174E-09
  2.049450176221E-16  4.102857186912E-16 -2.104224541783E-12 -1.509806891816E-12  2.187898208517E-09  4.414097003080E-09  1.439101451216E-06  1.469787268719E-08 -4.733488005853E-05  1.607740897471E-10  4.999207461020E-09 -1.801816021739E-09
 -2.996500639186E-18 -4.889129285292E-18 -4.277742080971E-17  1.685633068594E-16 -9.170664639260E-13 -1.239346443050E-14  4.135664141575E-11 -3.498887630588E-10  1.607740897469E-10 -6.199785345282E-08 -2.941922469448E-08 -1.343792718016E-07
  7.229068721780E-18  6.386892419248E-18  5.702323703891E-16 -1.567774043284E-16 -3.721492857030E-13 -6.960065057180E-13 -3.476032930863E-10  2.054878295483E-10  4.999207461020E-09 -2.941922469448E-08 -3.643928540895E-07  1.295217971388E-08
 -8.833794914855E-18 -1.232522545091E-17  5.679428568326E-17  7.002595767914E-16 -1.128785641940E-13  8.527866736902E-13  2.528028366327E-10 -5.750705675174E-09 -1.801816021738E-09 -1.343792718016E-07  1.295217971388E-08 -3.080675675398E-07
   7.1448092884707632     
 -1.967545504043E-11  1.799318273968E-15 -1.059190231137E-11  7.596307387456E-12 -4.023789708980E-16  5.038504348794E-15 -3.796756277817E-17 -3.138308100162E-15  5.780915470636E-16  1.251554591037E-18 -9.336690048816E-18  4.590978805949E-18
  1.799318273968E-15 -2.675861591036E-11  1.862248451606E-09  2.303255238736E-09 -3.644057441569E-12 -3.709173004741E-12 -1.744400702728E-16 -1.729596608782E-15  1.633498933322E-15 -7.168924033784E-19  2.380248522031E-17  9.635381959336E-18
 -1.059190231137E-11  1.862248451606E-09 -1.238567217576E-06  4.346508548353E-12 -7.521808426102E-11  2.209073770949E-09  2.221092465086E-12 -1.156898326124E-12 -1.125521414926E-12 -1.180829461641E-16  9.763400393422E-16 -2.271159939729E-16
  7.596307387457E-12  2.303255238736E-09  4.346508548326E-12 -1.238565356048E-06  2.243302760846E-09  5.420689180437E-10 -2.222753208421E-14  3.239368023495E-12 -2.024454113547E-12  2.521552077630E-16 -7.466819795304E-17  1.293486796453E-15
 -4.023789708958E-16 -3.644057441570E-12 -7.521808426100E-11  2.243302760846E-09 -7.409147779131E-08 -1.228820750676E-12 -5.656590316990E-11 -3.883776161017E-10  1.164774653751E-09 -1.461589515559E-12 -6.031236073399E-13 -1.138735382584E-13
  5.038504348784E-15 -3.709173004741E-12  2.209073770949E-09  5.420689180437E-10 -1.228820750676E-12 -7.409163670811E-08 -5.052795704733E-10  2.894574411610E-09  2.102543774517E-09  9.014638480403E-16 -1.082241558798E-12  1.409600369227E-12
 -3.796756278255E-17 -1.744400702237E-16  2.221092465084E-12 -2.222753208652E-14 -5.656590316990E-11 -5.052795704733E-10 -3.192550430678E-08  2.017888057181E-09  4.574839933588E-07  1.229716276091E-11 -2.176597731611E-10  1.490919870902E-10
 -3.138308099989E-15 -1.729596608811E-15 -1.156898326113E-12  3.239368023476E-12 -3.883776161017E-10  2.894574411610E-09  2.017888057181E-09 -6.588288914350E-06  1.420754838534E-10 -2.382857439492E-10 -2.314193010831E-11 -3.022219489528E-09
  5.780915469977E-16  1.633498933531E-15 -1.125521414726E-12 -2.024454113542E-12  1.164774653751E-09  2.102543774517E-09  4.574839933588E-07  1.420754838531E-10 -6.556368219418E-06  1.073077338355E-12  2.702797324193E-09 -8.320035752566E-10
  1.251554591893E-18 -7.168924051706E-19 -1.180829489274E-16  2.521552084632E-16 -1.461589515558E-12  9.014638479967E-16  1.229716276091E-11 -2.382857439492E-10  1.073077338338E-12 -4.529273522870E-09  1.348987015412E-08 -3.199274695662E-08
 -9.336690031779E-18  2.380248523432E-17  9.763400371383E-16 -7.466820151830E-17 -6.031236073410E-13 -1.082241558798E-12 -2.176597731611E-10 -2.314193010840E-11  2.702797324193E-09  1.348987015412E-08 -2.701326710794E-07 -1.620215052839E-09
  4.590978774455E-18  9.635381959068E-18 -2.271159925732E-16  1.293486800579E-15 -1.138735382652E-13  1.409600369228E-12  1.490919870902E-10 -3.022219489528E-09 -8.320035752567E-10 -3.199274695662E-08 -1.620215052839E-09 -2.669728962190E-07
   7.7563731591401437     
 -3.216583034325E-11  3.464734664094E-15 -1.723919822853E-11  1.242242853732E-11 -7.872072938493E-16  9.677133233201E-15 -1.726557831126E-17 -9.985784683811E-16  3.466932537067E-16  1.623401054701E-18  3.498541041520E-18  6.519850329132E-18
  3.464734664093E-15 -4.374552270363E-11  2.513963155262E-09  3.104407005795E-09 -5.908336820159E-12 -6.060001517574E-12 -3.443872530365E-16 -3.286743490941E-15  3.128736287249E-15  2.755818934162E-18  1.140094044785E-17  1.852039295544E-17
 -1.723919822853E-11  2.513963155262E-09 -1.378050538660E-06  7.108099514049E-12 -7.462179712986E-11  2.898489418941E-09  3.598123050319E-12 -1.899445706027E-12 -2.024162138316E-12 -1.921135721158E-16  1.868515878167E-15 -3.971441450294E-16
  1.242242853732E-11  3.104407005795E-09  7.108099514004E-12 -1.378047517339E-06  2.946073640938E-09  7.320621716729E-10 -3.552106343964E-14  5.541390357764E-12 -3.369520537475E-12  4.892511411083E-16 -1.186451428166E-16  2.444025719090E-15
 -7.872072938523E-16 -5.908336820159E-12 -7.462179712986E-11  2.946073640938E-09 -6.151057449631E-08 -2.008858686938E-12 -5.727753389866E-11 -3.899837818210E-10  1.670355206957E-09 -2.403296133538E-12 -9.832824867663E-13 -9.075385074228E-14
  9.677133233182E-15 -6.060001517574E-12  2.898489418941E-09  7.320621716729E-10 -2.008858686939E-12 -6.151083561229E-08 -5.469212961075E-10  4.479520748433E-09  3.263617188688E-09 -8.761758720262E-15 -1.653873269942E-12  2.294623994599E-12
 -1.726557832419E-17 -3.443872530466E-16  3.598123050319E-12 -3.552106343770E-14 -5.727753389866E-11 -5.469212961075E-10 -2.103158630864E-08 -4.584033276402E-08  4.496699278650E-07  2.689083813170E-11 -2.921307193274E-10  1.419640417448E-10
 -9.985784684336E-16 -3.286743491217E-15 -1.899445706002E-12  5.541390357756E-12 -3.899837818210E-10  4.479520748433E-09 -4.584033276402E-08 -9.737241574499E-06 -2.119357048917E-09 -3.016362938853E-10  8.971387079200E-11 -4.470669821822E-09
  3.466932538621E-16  3.128736287796E-15 -2.024162138403E-12 -3.369520537485E-12  1.670355206957E-09  3.263617188688E-09  4.496699278650E-07 -2.119357048917E-09 -9.716648396976E-06  5.665519737359E-12  3.920413687793E-09 -1.304757377033E-09
  1.623401067379E-18  2.755818948788E-18 -1.921135723526E-16  4.892511402931E-16 -2.403296133537E-12 -8.761758720358E-15  2.689083813170E-11 -3.016362938853E-10  5.665519737369E-12 -1.002848735049E-08  5.661798968409E-09 -4.065985712751E-08
  3.498541040602E-18  1.140094040407E-17  1.868515877828E-15 -1.186451397538E-16 -9.832824867671E-13 -1.653873269941E-12 -2.921307193274E-10  8.971387079191E-11  3.920413687793E-09  5.661798968409E-09 -1.779450241130E-07 -1.368649773532E-09
  6.519850351739E-18  1.852039298583E-17 -3.971441437761E-16  2.444025715817E-15 -9.075385074617E-14  2.294623994598E-12  1.419640417448E-10 -4.470669821822E-09 -1.304757377033E-09 -4.065985712751E-08 -1.368649773532E-09 -1.683023315239E-07
