       0.010  2.737333800854E-01  1.149680281770E+00  2.609591784586E+00  2.609591784602E+00  4.653467888528E+00  4.653467888530E+00  7.281308593597E+00  7.281308593598E+00  7.281308593624E+00  1.049311389979E+01  1.049311389979E+01  1.049311389980E+01
       0.019  7.240840148504E-02  3.041153716673E-01  6.902936553066E-01  6.902936553109E-01  1.230943252402E+00  1.230943252402E+00  1.926064162953E+00  1.926064162953E+00  1.926064162960E+00  2.775656386959E+00  2.775656386959E+00  2.775656386960E+00
       0.033  2.439600504889E-02  1.024633066399E-01  2.325754759591E-01  2.325754759606E-01  4.147325130060E-01  4.147325130061E-01  6.489344177806E-01  6.489344177806E-01  6.489344177830E-01  9.351811902829E-01  9.351811902829E-01  9.351811902830E-01
       0.053  9.716470704874E-03  4.080926239650E-02  9.263058188286E-02  9.263058188345E-02  1.651804291638E-01  1.651804291638E-01  2.584588042392E-01  2.584588042393E-01  2.584588042402E-01  3.724657071093E-01  3.724657071093E-01  3.724657071093E-01
       0.079  4.374815621850E-03  1.837431104828E-02  4.170680342581E-02  4.170680342609E-02  7.437229275435E-02  7.437229275438E-02  1.163707790339E-01  1.163707790339E-01  1.163707790344E-01  1.677022622645E-01  1.677022622645E-01  1.677022622645E-01
       0.112  2.163389433255E-03  9.086321056409E-03  2.062454042840E-02  2.062454042853E-02  3.677804754919E-02  3.677804754920E-02  5.754684241878E-02  5.754684241878E-02  5.754684241899E-02  8.293092503716E-02  8.293092503716E-02  8.293092503718E-02
       0.154  1.152018943650E-03  4.838565000136E-03  1.098280842765E-02  1.098280842771E-02  1.958474922617E-02  1.958474922617E-02  3.064438739569E-02  3.064438739569E-02  3.064438739579E-02  4.416172293622E-02  4.416172293622E-02  4.416172293623E-02
       0.205  6.513456916232E-04  2.735737341619E-03  6.209723424965E-03  6.209723425003E-03  1.107330394165E-02  1.107330394165E-02  1.732647889168E-02  1.732647889168E-02  1.732647889174E-02  2.496924827504E-02  2.496924827504E-02  2.496924827504E-02
       0.266  3.869587252987E-04  1.625312083003E-03  3.689234345854E-03  3.689234345876E-03  6.578725513847E-03  6.578725513849E-03  1.029378558698E-02  1.029378558698E-02  1.029378558702E-02  1.483441456526E-02  1.483441456526E-02  1.483441456526E-02
       0.338  2.396506072137E-04  1.006617986940E-03  2.284896953157E-03  2.284896953172E-03  4.074487505863E-03  4.074487505864E-03  6.375389645055E-03  6.375389645056E-03  6.375389645078E-03  9.187603370735E-03  9.187603370735E-03  9.187603370737E-03
       0.422  1.537716602945E-04  6.459264097147E-04  1.466184325419E-03  1.466184325428E-03  2.614545407406E-03  2.614545407407E-03  4.091009655675E-03  4.091009655675E-03  4.091009655688E-03  5.895577070225E-03  5.895577070226E-03  5.895577070227E-03
       0.519  1.017263871404E-04  4.273362622232E-04  9.700193873644E-04  9.700193873703E-04  1.729775762562E-03  1.729775762563E-03  2.706605387816E-03  2.706605387817E-03  2.706605387826E-03  3.900508263127E-03  3.900508263127E-03  3.900508263128E-03
       0.629  6.910920053595E-05  2.903440781415E-04  6.590688741529E-04  6.590688741569E-04  1.175283588569E-03  1.175283588569E-03  1.838988221390E-03  1.838988221390E-03  1.838988221396E-03  2.650182772615E-03  2.650182772615E-03  2.650182772615E-03
       0.754  4.805942353495E-05  2.019350142668E-04  4.583943321547E-04  4.583943321574E-04  8.174373771977E-04  8.174373771980E-04  1.279064149396E-03  1.279064149396E-03  1.279064149400E-03  1.843274648749E-03  1.843274648749E-03  1.843274648750E-03
       0.895  3.411898854457E-05  1.433851866747E-04  3.254955168926E-04  3.254955168947E-04  5.804499791978E-04  5.804499791980E-04  9.082485735901E-04  9.082485735902E-04  9.082485735935E-04  1.308891300070E-03  1.308891300070E-03  1.308891300070E-03
       1.053  2.467232553411E-05  1.037092011959E-04  2.354373272995E-04  2.354373273009E-04  4.198567038447E-04  4.198567038448E-04  6.569673308313E-04  6.569673308314E-04  6.569673308336E-04  9.467692082595E-04  9.467692082595E-04  9.467692082597E-04
       1.228  1.813802990725E-05  7.626515847667E-05  1.731437060929E-04  1.731437060940E-04  3.087736727558E-04  3.087736727558E-04  4.831550584651E-04  4.831550584651E-04  4.831550584668E-04  6.962878632210E-04  6.962878632210E-04  6.962878632211E-04
       1.421  1.353396261290E-05  5.692807444609E-05  1.292515941685E-04  1.292515941693E-04  2.305045217798E-04  2.305045217799E-04  3.606868572802E-04  3.606868572802E-04  3.606868572814E-04  5.197986006695E-04  5.197986006695E-04  5.197986006696E-04
       1.633  1.023528367241E-05  4.307362112747E-05  9.780418355287E-05  9.780418355344E-05  1.744269709484E-04  1.744269709485E-04  2.729419833142E-04  2.729419833142E-04  2.729419833151E-04  3.933492206501E-04  3.933492206501E-04  3.933492206502E-04
       1.866  7.835721287589E-06  3.299545689213E-05  7.492834956662E-05  7.492834956713E-05  1.336343993109E-04  1.336343993110E-04  2.091136061251E-04  2.091136061251E-04  2.091136061259E-04  3.013659700090E-04  3.013659700090E-04  3.013659700091E-04
       2.120  6.065846669474E-06  2.556198073930E-05  5.805553752257E-05  5.805553752299E-05  1.035465170192E-04  1.035465170193E-04  1.620349192291E-04  1.620349192292E-04  1.620349192298E-04  2.335207441524E-04  2.335207441524E-04  2.335207441525E-04
       2.395  4.743734041366E-06  2.000910430729E-05  4.545138808404E-05  4.545138808440E-05  8.107058537151E-05  8.107058537162E-05  1.268666961697E-04  1.268666961698E-04  1.268666961703E-04  1.828397204786E-04  1.828397204787E-04  1.828397204788E-04
       2.694  3.744499314203E-06  1.581231430942E-05  3.592533930163E-05  3.592533930197E-05  6.408357429078E-05  6.408357429093E-05  1.002870192768E-04  1.002870192770E-04  1.002870192773E-04  1.445356742598E-04  1.445356742599E-04  1.445356742600E-04
       3.017  2.981105698612E-06  1.260605610333E-05  2.864764011141E-05  2.864764011178E-05  5.110585772280E-05  5.110585772302E-05  7.998070893745E-05  7.998070893765E-05  7.998070893800E-05  1.152721937554E-04  1.152721937556E-04  1.152721937557E-04
       3.364  2.392039808052E-06  1.013197332327E-05  2.303186251554E-05  2.303186251598E-05  4.109170738483E-05  4.109170738518E-05  6.431150793111E-05  6.431150793140E-05  6.431150793172E-05  9.269126415435E-05  9.269126415462E-05  9.269126415478E-05
       3.737  1.933261041886E-06  8.205095287536E-06  1.865815236395E-05  1.865815236452E-05  3.329243227109E-05  3.329243227161E-05  5.210793500891E-05  5.210793500936E-05  5.210793500969E-05  7.510466057738E-05  7.510466057779E-05  7.510466057803E-05
       4.137  1.572857789041E-06  6.691393052860E-06  1.522228515968E-05  1.522228516046E-05  2.716553410948E-05  2.716553411024E-05  4.252113990216E-05  4.252113990284E-05  4.252113990323E-05  6.128910253771E-05  6.128910253833E-05  6.128910253868E-05
       4.564  1.287447407489E-06  5.492659326882E-06  1.250134585985E-05  1.250134586094E-05  2.231350700636E-05  2.231350700748E-05  3.492914276628E-05  3.492914276728E-05  3.492914276776E-05  5.034825313959E-05  5.034825314050E-05  5.034825314102E-05
       5.020  1.059717313868E-06  4.536181043270E-06  1.033028725984E-05  1.033028726139E-05  1.844203596358E-05  1.844203596522E-05  2.887142715427E-05  2.887142715573E-05  2.887142715635E-05  4.161846083189E-05  4.161846083322E-05  4.161846083397E-05
       5.505  8.767237748968E-07  3.767594284379E-06  8.585711801463E-06  8.585711803652E-06  1.533107632615E-05  1.533107632851E-05  2.400368785814E-05  2.400368786024E-05  2.400368786108E-05  3.460354639738E-05  3.460354639931E-05  3.460354640039E-05
       6.020  7.287007088586E-07  3.145881246176E-06  7.174515476831E-06  7.174515479927E-06  1.281460340085E-05  1.281460340423E-05  2.006614501781E-05  2.006614502080E-05  2.006614502196E-05  2.892914032763E-05  2.892914033039E-05  2.892914033193E-05
       6.566  6.082161722593E-07  2.639827480826E-06  6.025846330930E-06  6.025846335281E-06  1.076627272264E-05  1.076627272742E-05  1.686110665535E-05  1.686110665959E-05  1.686110666117E-05  2.431034812895E-05  2.431034813286E-05  2.431034813504E-05
       7.145  5.095687154734E-07  2.225486589072E-06  5.085349715173E-06  5.085349721244E-06  9.089158093911E-06  9.089158100605E-06  1.423691172444E-05  1.423691173038E-05  1.423691173256E-05  2.052861060660E-05  2.052861061207E-05  2.052861061512E-05
       7.756  4.283510892538E-07  1.884347786207E-06  4.311008952486E-06  4.311008960897E-06  7.708334588340E-06  7.708334597631E-06  1.207632469258E-05  1.207632470082E-05  1.207632470383E-05  1.741497926499E-05  1.741497927259E-05  1.741497927682E-05
