   1.0000000000000002E-002
 -3.153045010076E-13 -1.650747250516E-10  3.781472568315E-11  1.713347764743E-09  1.313851161349E-11 -2.030163694335E-11  1.303254789034E-11 -1.015612316388E-11  7.567906033552E-10 -1.110358739918E-12 -1.565131329600E-12  2.908101272134E-11
  1.648769907092E-10  8.849934107813E-13  1.057641532960E-10  4.799857195448E-12  5.774005172811E-11  4.011334825776E-11  2.193388205987E-11 -1.286109350819E-11  2.672409536819E-11  6.706713385098E-11 -4.446451705129E-11 -8.473822792755E-12
 -4.072676848355E-11 -1.042354838345E-10 -8.736832739746E-03  1.049218265714E+01 -7.657694057468E-11 -7.050038441855E-11 -1.853999373356E-11  1.390180311093E-11 -1.003119427449E-11 -6.114944307635E-11  1.582615087601E-11  1.570320543679E-11
 -1.713897272315E-09 -1.771318157705E-12 -1.049218265714E+01 -8.736832734928E-03  5.086129307091E-11  1.679578738362E-10  1.579779858295E-11 -3.690576086316E-12 -1.958142470860E-09  3.323892379886E-11 -9.056813284035E-13 -8.312661029232E-11
 -1.211343667771E-11 -5.632748566855E-11  7.699377631105E-11 -5.304356287230E-11 -1.767127932606E+00 -8.294393325608E+01 -6.721639275740E-11  3.383146948554E-11 -6.641207082827E-12  4.624237462132E-11 -3.098355041498E-11  7.212317198072E-12
  2.010472857731E-11 -4.177679669807E-11  7.089273061164E-11 -1.684117176068E-10  8.294393325607E+01 -1.767127932613E+00 -3.161668634178E-11 -4.431310002457E-11  1.751319034388E-10  1.556015411268E-10 -8.028693270108E-11 -7.892344919096E-13
 -1.391229512135E-11 -2.066373337371E-11  1.847147038372E-11 -1.460044956739E-11  6.955013543753E-11  3.084653628212E-11 -7.916894786177E-01 -1.136517326936E+02 -8.538302953824E-01  7.597944291995E-11  5.212005066575E-12  5.447420575182E-12
  9.534004856351E-12  1.382870381217E-11 -1.342804491474E-11  4.748015524914E-12 -3.324433238407E-11  4.737183246904E-11  1.136535352286E+02 -7.900205646524E-01 -2.479616461176E+00 -1.820693106577E-10  4.841401954692E-11  3.385163689899E-11
 -7.568942041658E-10 -2.690475384335E-11  6.501316153960E-12  1.957892019216E-09  9.271073442968E-12 -1.772127803148E-10  7.786266918351E-01  2.525580630494E+00  2.410728569308E-03  3.116062371292E-10 -9.889366329343E-11 -2.893754427210E-10
  5.724326115753E-12  4.261623882749E-12 -1.689903490477E-11  1.052921447446E-11 -3.347589336408E-11 -6.843727932486E-13 -3.142997309686E-11  9.866713027416E-12 -3.441726862688E-12  1.297653937356E+03  2.635868462680E+03 -6.587060601408E+00
 -5.630168808330E-12  5.694290737660E-12 -2.850344898998E-12  2.761353007950E-11  2.777374447235E-12 -4.021085629182E-12 -8.537914459521E-12 -1.452654085735E-11  1.151029888296E-10 -2.468209225575E+03  1.165291235135E+03  6.463424383154E+01
 -2.911500910328E-11  3.974426775825E-12 -1.306906285320E-11  7.778289824422E-11 -1.106509314547E-11 -9.523694351793E-13 -3.002061332628E-12 -2.355292729607E-11  2.578271717645E-10  9.306389534005E+02 -5.830879561985E+02 -2.558228042024E+01
   1.9443271528926904E-002
  5.383211147164E-13 -3.580550273113E-11 -4.838350598157E-12  9.832643412414E-10 -5.372819275923E-12 -5.729381241250E-12  5.276271707574E-12 -9.675575926466E-12  4.401778099982E-10 -3.061199539508E-12 -6.613147392451E-12  1.229014248074E-11
  3.584330292697E-11 -3.772057305799E-13 -1.005099230289E-12  6.274140478686E-12  1.315254157219E-11  3.293857845864E-11 -1.112570070840E-12 -1.286911963066E-11  1.404196817386E-11 -3.530478816959E-12 -1.322713022660E-12 -4.209767994462E-12
  4.105833469460E-12  1.974048869087E-12 -9.806436005306E-04  3.179489186655E+00 -1.369266813213E-11 -3.575691852990E-11 -2.713399457388E-12  9.298152046859E-12 -6.351627265543E-12  5.558231914544E-12  4.883603426680E-13  5.037545396964E-12
 -9.831963013627E-10 -6.386045066557E-12 -3.179489186655E+00 -9.806436049756E-04  1.019767619302E-11  6.863481601776E-11  1.327499516433E-12  8.274562211775E-12 -1.129338764079E-09  2.682055666178E-12  6.718570155135E-12 -3.080143781678E-11
  5.956188006183E-12 -1.137545867455E-11  1.247801726315E-11 -1.145388537126E-11 -4.924794322515E-01 -5.367828099138E+01 -3.054418601591E-11  8.493529687726E-12  3.944095737228E-12  4.782761399773E-12  3.959394619387E-12 -3.015617141301E-12
  5.989973386140E-12 -3.390024686550E-11  3.567004036681E-11 -6.827441106711E-11  5.367828099139E+01 -4.924794322486E-01  1.453542478727E-12 -4.182278859083E-11  6.415072504870E-11 -2.896526442565E-13 -3.473372525085E-12 -1.781341837071E-11
 -5.367315618846E-12  5.084074337703E-13  2.896152190697E-12 -8.257751854438E-13  3.064898650494E-11 -2.549841383593E-12 -4.261425632163E-01 -1.649224604545E+01  3.249897115323E-01  1.681162231637E-11  4.164403154282E-12 -9.038707033368E-12
  9.633903658698E-12  1.241906508403E-11 -9.821175205945E-12 -7.158518708439E-12 -7.145326166177E-12  4.223477767847E-11  1.649167512335E+01 -4.261812483235E-01 -8.489471259321E-01 -7.756000401818E-12 -5.922641611707E-12  3.151689084664E-11
 -4.401379200873E-10 -1.424229807528E-11  4.954492162447E-12  1.129917434786E-09 -3.790118829306E-12 -6.410846829772E-11 -3.060394625397E-01  8.470993507623E-01  3.438437819953E-04 -2.239809059615E-13 -9.902960032725E-12 -1.271825436496E-10
  3.794894522176E-12  3.450960420549E-12 -4.805753470230E-12 -4.022181823790E-12 -4.451675817694E-12  1.339355682882E-12 -1.770285608326E-11  1.033329650337E-11  1.101873829823E-12  2.280970219188E+01 -1.646340831986E+02  7.046861874250E+01
  6.382205345354E-12  1.137548997784E-12  2.765872887667E-13 -7.060782787443E-12 -2.506421346103E-12  4.637232602947E-12 -1.731661523838E-12  3.944066626974E-12  9.607016502040E-12  1.636003363263E+02  2.301299798940E+01  6.225039058901E+01
 -1.250964487414E-11  3.662434755877E-12 -4.954616954049E-12  3.106623709664E-11  4.207902394903E-12  1.741255128702E-11  8.044572004819E-12 -3.071125485423E-11  1.258226983931E-10 -6.210649492231E+01 -7.011980356066E+01 -1.034008058697E+00
   3.3496876058652481E-002
  1.310224086315E-13 -1.768767055431E-11  4.352136458712E-12  6.128290112996E-10 -9.603034787851E-13  2.402753986482E-12  3.861995513460E-12 -4.632962345041E-12  2.701423692412E-10 -4.289735906487E-12 -3.693994943107E-12  4.577315125099E-12
  1.778068692230E-11 -1.144525295238E-12  7.044209634164E-12 -1.303582827374E-11  1.121974385589E-11  1.571126369968E-11  4.059679001278E-12 -9.804509400063E-12  6.770757064202E-12 -2.641534708155E-12 -6.244946377482E-13 -3.095964559729E-12
 -5.084678957844E-12 -7.335080716253E-12 -1.027100523252E-03  2.403841483034E+00 -2.130806759371E-11 -2.634095207871E-11 -5.075716484375E-12  4.368076150053E-12 -2.481619531338E-12  5.210940595765E-12  1.621894774221E-12  5.055258502450E-13
 -6.128208243564E-10  1.237544112954E-11 -2.403841483034E+00 -1.027100524080E-03  9.865892919670E-12  2.724064294032E-11  3.752877899125E-12  2.524680011318E-12 -7.009074017121E-10 -1.781839638733E-12  4.635600907943E-12 -1.047747236197E-11
  1.296552312973E-12 -1.163338838851E-11  2.171119438762E-11 -1.145671870404E-11  2.762293751214E-01 -1.814129518347E+01 -2.023212299094E-11  1.324349982406E-11 -5.425218627660E-12  6.794719025097E-12 -9.270631890430E-13  1.837606746955E-12
 -2.368502028114E-12 -1.488720518002E-11  2.558954705029E-11 -2.678607556302E-11  1.814129518347E+01  2.762293751182E-01 -1.262715061621E-11 -2.286025678569E-11  2.455569847562E-11  1.896319348664E-12 -3.581210303518E-12 -1.182656464285E-12
 -3.862619108552E-12 -4.305012716765E-12  5.611901805221E-12 -3.784907711840E-12  2.049061861396E-11  1.230946166717E-11  9.086923500801E-01  3.939612231717E+01  2.008507738562E-01  1.140984431589E-11 -1.245866522141E-12 -4.325656617509E-12
  4.159040185630E-12  9.742966600685E-12 -4.213979587279E-12 -1.899634049491E-12 -1.324311605068E-11  2.283080423474E-11 -3.939642827525E+01  9.093130382634E-01 -3.904639730158E-01 -1.000162805024E-12  9.919621086496E-12  1.209745921950E-11
 -2.700821397340E-10 -6.528619413925E-12  1.892468071172E-12  7.010079149020E-10  6.990896341073E-12 -2.422969078216E-11 -1.281163037375E-01  3.982794134641E-01  6.542696073923E-04  4.382531944758E-12 -3.720319974767E-12 -3.240721435995E-11
  3.491303549832E-12  2.427264800526E-12 -4.781600962554E-12  2.669392127833E-12 -6.879659379585E-12 -2.786669875656E-12 -1.149792866341E-11  3.329577713932E-12 -5.465172604669E-12 -3.881394258805E+00 -1.710627829139E+01  5.955620279783E+00
  4.812087637096E-12  1.498538413031E-12 -2.503874367823E-12 -4.460225470577E-12 -8.117673026386E-13  3.083944530464E-12 -1.929181799436E-12 -9.647672496808E-12  1.554782046654E-12  1.708528616195E+01 -3.871342667807E+00  1.260156005608E+01
 -4.567304475292E-12  3.060383231433E-12 -2.991996404726E-13  1.069454928262E-11 -1.600887636460E-12  1.128997133241E-12  4.590327920030E-12 -1.227617994562E-11  3.217548198019E-11 -8.590179933639E+00 -1.094682834727E+01 -1.427521850893E-02
   5.3077325571263219E-002
  2.145579744912E-13  2.886470840109E-11 -1.010065816031E-11  3.979493200195E-10 -4.278110495470E-12  1.335601068414E-11  1.991896421985E-14 -7.835328265808E-12  1.807791225825E-10 -1.064949916462E-12 -3.836924561367E-12 -2.411365795861E-12
 -2.899947283363E-11 -3.971121350619E-13 -1.438985797128E-11 -1.924304155232E-11 -1.833074359584E-12  2.281747703924E-11  1.716898710987E-12 -9.936704067390E-12  2.120681454541E-12 -7.217268263816E-13 -4.995957055526E-12 -8.707199653526E-13
  1.017874114528E-11  1.449313116348E-11  2.174896452760E-04  1.116717327343E+00 -1.220733660583E-12 -2.064604364766E-11 -5.746609408054E-13  8.113862826098E-12 -4.373751279720E-12  2.481193608467E-13  3.591444692217E-12  1.146719108295E-12
 -3.979750732787E-10  1.933631926723E-11 -1.116717327344E+00  2.174896463449E-04  1.933936696818E-12 -1.713823381429E-11 -1.451773713693E-12  4.613931812466E-12 -4.601618802401E-10  2.159810214496E-14  3.728377602860E-12  3.634449585412E-12
  4.250883618750E-12  1.863898393556E-12  9.951716740239E-13 -1.870188215497E-12 -3.213298201203E-04  2.142978412558E-01 -2.006663444673E-12  7.878733184220E-12 -4.783235998237E-12 -1.589878606258E-13  2.775353605414E-12 -1.794847409156E-12
 -1.330344474123E-11 -2.282719449555E-11  2.065647860652E-11  1.723184072642E-11 -2.142978412570E-01 -3.213298209297E-04 -1.988563932733E-12 -3.170110417870E-11  4.107317412437E-12 -1.505804395361E-12 -5.765983191017E-12 -2.175427126455E-12
 -5.283208302745E-14 -1.680545216525E-12  6.408074780155E-13  1.429832295385E-12  1.957555114958E-12  1.945185360789E-12  1.524595859125E-02  3.932281446866E+00 -3.056934817298E-01 -1.300163045131E-12 -1.645368072704E-12 -3.149234053280E-12
  7.798489587968E-12  9.880545809754E-12 -8.192472466953E-12 -4.558915607957E-12 -7.593321338140E-12  3.183648850801E-11 -3.932322941087E+00  1.528491064105E-02 -1.028028864763E+00  2.820644135357E-12  1.653199390437E-11  1.250903915685E-11
 -1.807703080737E-10 -2.293738263020E-12  4.392636322049E-12  4.601426092921E-10  4.872289271756E-12 -4.089780717855E-12  3.097742649967E-01  1.027021305742E+00  9.731211397055E-06 -2.853913916295E-13 -7.305274097354E-12 -2.232425809567E-12
  1.288223703456E-12  1.303678293733E-12 -8.159040669312E-13 -4.006424740661E-13 -6.183840010163E-13  1.946778122330E-12  5.670998651672E-13 -4.289885391497E-12 -1.967505641175E-13  5.538003683714E-01  2.397913443986E+02  9.138801470859E+00
  4.204285476721E-12  5.166065267959E-12 -4.025354576272E-12 -3.022922800809E-12 -3.506316436284E-12  5.564602388447E-12 -7.390021186433E-14 -1.544167185072E-11  6.899500123467E-12 -2.398418851980E+02  5.770857579794E-01  1.390658966439E+01
  2.429769857362E-12  8.370595187867E-13 -1.153269243750E-12 -3.442152537726E-12  1.852758293244E-12  2.123008880723E-12  3.383282149345E-12 -1.217752476601E-11  2.092308711341E-12 -9.067079299852E+00 -1.466503655539E+01 -3.597089154845E-02
   7.9101132048845599E-002
  1.595789584137E-13  8.320575153149E-12  8.087096300488E-15  1.284954879710E-10  2.236161952112E-13  3.881020122413E-12  1.860224330431E-12 -2.026352637290E-12  5.858876271592E-11 -1.485707060539E-12 -1.127921884016E-12 -1.018000890959E-12
 -8.387323990321E-12 -2.105962720160E-13  9.661172858916E-14 -6.226457238290E-12  4.231558898542E-12  7.118621822111E-12  2.389740317004E-12 -3.166995203807E-12  3.883655263387E-13 -1.749369189532E-12 -1.164680404968E-14 -6.026802774189E-14
 -1.767032251265E-13 -4.842139190146E-14 -3.473892648132E-05  8.579649209826E-01 -5.987641001636E-12 -7.791195300815E-12 -3.188613509804E-12  3.486305975914E-12 -4.023594402865E-13  1.699514086104E-12 -1.215915407524E-12  9.282575354638E-13
 -1.283967857758E-10  6.351906821746E-12 -8.579649209833E-01 -3.473892622561E-05  4.449760691031E-12 -6.475785114896E-12  2.139523522400E-12  1.894075128107E-12 -1.473379721586E-10 -7.086710442826E-13  1.020483167232E-12 -5.103174879006E-13
 -2.672862436310E-13 -4.153725421311E-12  5.838215518552E-12 -4.375520183411E-12 -7.606352612681E-03 -3.926545049428E+00 -4.346967269124E-12 -2.963685357086E-13 -2.447191390554E-12  3.054806840583E-12  7.317510352198E-13  1.020440575474E-12
 -3.927915366408E-12 -7.141550965294E-12  7.882226603247E-12  6.473894624870E-12  3.926545049429E+00 -7.606352612836E-03 -3.122110531685E-12 -1.167301144308E-11  5.026448985175E-12  1.436695360480E-12 -1.576516975152E-12 -7.952774339629E-13
 -1.839686579746E-12 -2.325666147868E-12  3.151918849004E-12 -2.065372058137E-12  4.372767802255E-12  3.216352530919E-12 -3.692924754801E-02  4.728436759012E+00  5.414706195686E-02  9.842036883568E-13  1.265747377481E-13  2.033104282567E-12
  2.063376610219E-12  3.207419665563E-12 -3.422963122694E-12 -1.974643023166E-12  3.186840181487E-13  1.161662811479E-11 -4.728427270889E+00 -3.687605333273E-02  7.483493245375E-02 -2.710371708393E-12  3.406094403105E-12  8.123649948564E-12
 -5.864853769639E-11 -2.423523705707E-13  3.215558857852E-13  1.473345562866E-10  2.421031891484E-12 -4.977263844023E-12 -5.601175655306E-02 -7.645970481689E-02  2.535922515197E-05 -1.750886438323E-12 -8.386027534931E-13 -1.082279873590E-11
  1.403814324681E-12  1.764338088026E-12 -1.934547134500E-12  7.346804632099E-13 -2.956575584561E-12 -1.342985148593E-12 -9.403300035687E-13  2.655668007913E-12  1.922757944665E-12  1.291737337574E+01  1.000021937969E+02  2.309538032826E+00
  1.347690592300E-12  1.960721801403E-13  9.019925313359E-13 -9.086326337870E-13 -1.212486192402E-12  1.171680373531E-12 -3.356967929250E-13 -2.881011397437E-12  9.816477126693E-13 -1.000254586686E+02  1.291898830145E+01  1.366447824578E+01
  9.912628929834E-13  4.519618230519E-14 -9.058960422581E-13  5.504717393207E-13 -8.926856612373E-13  7.394823851580E-13 -2.053934858454E-12 -8.011507535694E-12  1.069514059887E-11 -4.025364174885E+00 -1.342384989645E+01 -8.854255177962E-03
  0.11248480747348612     
  1.100294400761E-13  3.329670696930E-11 -1.768136428182E-12  3.438802161746E-10 -1.490042660876E-12  7.455995798802E-12  5.605683496960E-13 -1.544499811210E-12  1.515614401835E-10 -4.673043271231E-13 -1.543176626054E-12 -3.904238839538E-12
 -3.333522297761E-11 -1.466923366648E-13 -1.410135405692E-11 -7.671174303578E-12  7.264173220059E-13  5.999950581494E-12 -5.220861909522E-13 -2.978484895416E-12 -1.832366951224E-12  1.218781009055E-13  2.935170723850E-13 -9.676535169113E-13
  1.599156062251E-12  1.402265654504E-11 -3.709658710009E-04  6.176276429354E-01  6.303956643597E-12 -4.931367415646E-12  6.187319512923E-13  1.929199953356E-13 -1.034629765344E-13  2.135385847960E-13  7.409289700749E-13  1.022256114360E-12
 -3.438768527884E-10  7.652299610952E-12 -6.176276429348E-01 -3.709658702516E-04 -3.975558694902E-13 -2.779512224760E-11 -9.141613470435E-13  2.082038972015E-12 -3.933273752487E-10  2.653789003643E-13  1.926539445076E-12  8.626702707343E-12
  1.575126132670E-12 -7.134628046055E-13 -6.300442264280E-12  2.366554608605E-13 -3.412310460324E-03 -1.211193163601E+00  4.158708965767E-12 -2.339623090773E-13 -1.741777215703E-12  1.084771052142E-12  1.316115133363E-12  3.186770662974E-14
 -7.455440579761E-12 -5.982484113686E-12  4.897760984084E-12  2.788776936399E-11  1.211193163602E+00 -3.412310459678E-03 -1.644903411451E-12 -1.477793826677E-11 -6.707281034422E-12 -3.526602998810E-13 -1.966739640941E-13 -8.850443395516E-12
 -5.789282564444E-13  4.073316969191E-13 -5.253386298121E-13  9.587657346499E-13 -4.234591409348E-12  1.400838576500E-12 -1.313058097156E-01 -6.630201950750E+00 -2.062426821679E-01 -4.123485049284E-12  2.413598666324E-12  1.465207366761E-12
  1.458191373337E-12  3.028941569119E-12 -2.637783513306E-13 -1.903621162739E-12  3.927259791367E-13  1.471031729579E-11  6.630442239555E+00 -1.315403096381E-01  4.497579589425E-01 -3.054129744879E-13  5.488768828425E-12  6.506745101100E-12
 -1.515481284260E-10  1.828531674271E-12 -1.613721103624E-13  3.932580006531E-10  1.888093254255E-12  6.575248310794E-12  1.931079016480E-01 -4.553885826949E-01 -3.355636828653E-04 -6.634213701273E-13 -1.652425615073E-12  1.513139513278E-11
  8.005474498106E-13 -2.487806665935E-13 -3.230631481567E-13 -7.788529434352E-13 -1.272984616181E-12  4.885196265234E-13  3.618925824046E-12 -1.194090692330E-12  1.150742335730E-12 -8.060186676713E+00  3.914370185963E+01  3.362060192764E-01
  1.552332740834E-12 -2.490085460206E-13 -5.811433983883E-13 -1.949518771702E-12 -9.824909720134E-13  3.161156221572E-13 -3.310301122025E-12 -5.346668400410E-12  1.251427654027E-12 -3.914330736925E+01 -8.103747479970E+00  2.509142317567E+00
  3.876213202317E-12  9.947834030771E-13 -9.285664535113E-13 -8.706236225473E-12  4.267024725446E-14  8.863105976102E-12 -1.581824321991E-12 -6.291619152728E-12 -1.530699412094E-11  8.531553681277E-01 -2.518144650906E+00 -4.277278949826E-02
  0.15414486382727119     
  2.138288704246E-14  4.630427591764E-11 -1.026949916210E-12  1.147264325940E-10 -8.137512162789E-13 -2.053495329429E-13  1.882490548699E-13 -6.073586662707E-13  5.158600040835E-11 -9.454690843168E-13 -1.175646591612E-12  1.399294222101E-12
 -4.625890213631E-11 -1.349498344249E-13 -2.473107412538E-11  1.566689781075E-11  2.070842184895E-13  3.606440546360E-12  6.211242212983E-13 -2.672909270473E-12  1.847082792363E-12 -4.260397602528E-13 -2.270621239184E-13 -1.133988626628E-12
  9.880152308144E-13  2.475974162037E-11  4.251124601129E-06  1.876065839235E-01  1.537688863767E-11 -4.120691179190E-13 -1.122346434921E-13  9.483327360337E-13  3.434131313002E-13  4.922491596657E-13  9.163519602658E-14  7.059811305441E-13
 -1.147276757833E-10 -1.571476103904E-11 -1.876065839233E-01  4.251124199542E-06  1.379034064981E-12 -1.117419977858E-11 -2.019263504068E-14  2.858700497506E-12 -1.342061951181E-10  3.224685088536E-13  9.545084302605E-13 -4.533246108601E-12
  8.302185725210E-13 -2.530163023240E-13 -1.538081205553E-11 -1.306468416919E-12  1.235029468594E-02 -1.267941114903E+00  1.134631396644E-11 -1.905375981944E-12 -1.104199143512E-12  1.475411861575E-12 -4.262836028700E-14 -2.847423738090E-13
  1.992530994773E-13 -3.584823727243E-12  5.968262401273E-13  1.122682716970E-11  1.267941114903E+00  1.235029468616E-02 -1.733546466511E-12 -1.975720128548E-11  2.227694666637E-11 -2.315537736166E-13 -1.083449896999E-12 -2.657843126517E-12
 -2.104074343657E-13 -6.089552856342E-13  7.773299073577E-14  8.129552489266E-14 -1.127438059520E-11  1.958384253526E-12 -1.972121581286E-01  1.146172698928E+01 -8.697570010812E-02 -1.013509120156E-11  9.477597936887E-13 -5.615433190147E-13
  5.530775668244E-13  2.668039637350E-12 -9.841705744500E-13 -2.720899487926E-12  1.944752844162E-12  1.973987815732E-11 -1.146146174677E+01 -1.968774386038E-01 -2.787514810124E-01  3.122907441709E-13  1.013137964132E-11  3.216508135599E-12
 -5.156572975229E-11 -1.784971676975E-12 -2.299425448859E-13  1.341935294369E-10  1.396210364147E-12 -2.242196915146E-11  9.799585009217E-02  2.746264000669E-01  4.269393284878E-04 -8.981681531984E-13 -9.159510435959E-13 -8.530834886924E-12
  9.278707599815E-13  3.172724301614E-13 -4.235599139026E-13 -4.818392981626E-13 -1.583895541808E-12 -2.657555684153E-14  1.050925969380E-11  1.706576302260E-13  1.453204836732E-13  2.172898528390E+00  7.542512972677E+01  8.146186595689E+00
  1.323310308187E-12  3.183918377245E-13 -2.053814617449E-14 -1.120794988969E-12 -2.098608678954E-14  1.113107856345E-12 -2.781610257925E-13 -9.866086724446E-12  6.004295935172E-13 -7.538774649553E+01  2.055262674751E+00  8.817153873595E+00
 -1.384871866726E-12  1.155618137763E-12 -7.159871953660E-13  4.571784995451E-12  2.811084834471E-13  2.660713232470E-12  6.561598632428E-13 -3.183738922378E-12  8.558266766172E-12 -7.998206874587E+00 -7.887085318066E+00  3.346437064130E-02
  0.20499781309228740     
  1.919991021367E-14  1.103271793348E-10 -7.506165466198E-13 -7.394275090946E-11 -5.635101057465E-13  3.683005771897E-12  6.611690144568E-14 -6.901905353954E-13 -3.084625947478E-11 -1.394214170973E-13 -2.145772937361E-13 -1.229027269515E-12
 -1.102980807267E-10  9.484997314677E-14 -5.275682665229E-11  2.906042955554E-11 -7.202844101937E-14  2.087914418964E-12 -2.163300099771E-13 -1.246918666698E-12  1.862545435322E-13  2.189969072098E-13 -2.982293821926E-13 -3.883130613658E-13
  7.491069851570E-13  5.285595849718E-11  2.622900525039E-06  1.282905346640E-02  3.798343633560E-11  8.802219912995E-12  7.594745765289E-13  8.553307217315E-13 -2.337451630471E-13 -3.197436240627E-13  6.542225055019E-13  5.183541244116E-13
  7.393466353308E-11 -2.896776647690E-11 -1.282905346636E-02  2.622900497477E-06 -2.264768496159E-12 -4.285449279263E-11 -4.033032551836E-14  1.120964102938E-12  8.076286178934E-11 -6.496083075581E-14  4.299055215826E-13  1.506221653097E-12
  5.187023436922E-13  5.495389382145E-14 -3.809763383058E-11  2.877954538583E-12  1.068337394348E-02 -7.001170142438E-01  3.096560273279E-11 -5.254601611554E-12  1.327708614723E-12 -5.915080105881E-14  3.719856920164E-13  3.395346872513E-13
 -3.699562485511E-12 -2.093948841065E-12 -8.223791015740E-12  4.283777188133E-11  7.001170142440E-01  1.068337394305E-02  1.271512384385E-12 -2.867964305343E-11  2.152709161804E-11 -6.373975817516E-13 -1.029831060930E-12 -1.659858743113E-12
 -6.248802895698E-14  1.509530869243E-13 -7.592215575109E-13  2.115394022275E-14 -3.089476375577E-11 -2.021721290688E-12  3.383434786223E-02  3.378939801183E+00  1.326210648099E-01 -2.645040845331E-11  2.411876476455E-12  5.816992616089E-13
  6.799478465941E-13  1.259181033936E-12 -8.626246354512E-13 -1.091463533597E-12  4.614905264001E-12  2.871403981696E-11 -3.378847066544E+00  3.388278606604E-02 -6.775186821826E-02  5.717550606030E-12  2.108671007611E-11 -6.859065654053E-12
  3.084315321319E-11 -1.523095091474E-13  2.065553748361E-13 -8.076602703051E-11 -9.503811505768E-13 -2.154997388386E-11 -1.333218162140E-01  6.715649787903E-02 -1.034397237212E-04 -1.995186462022E-13 -1.395259783034E-12  2.012833695634E-11
  1.162457047803E-13 -2.255209926330E-13  3.180849593312E-13  1.348929570004E-13  7.289247690358E-14  5.963995941126E-13  2.648358193968E-11 -5.687395864428E-12  4.822869673148E-13  9.816966859621E-02  6.317050487494E+00 -1.306433900357E+00
  2.269332234879E-13  2.992207811772E-13 -7.041991607469E-13 -4.200979943712E-13 -3.698510907361E-13  1.054773400055E-12 -2.154600873244E-12 -2.112845027813E-11  1.215052880848E-12 -6.284399786432E+00  1.079164612202E-01  2.658673060705E+00
  1.224685793757E-12  3.824568887967E-13 -5.149374105908E-13 -1.506863426610E-12 -3.506398724933E-13  1.662825616001E-12 -1.705404416715E-13  6.878704414704E-12 -2.017267299276E-11  1.271238890563E+00 -2.609541582128E+00 -1.979391314213E-02
  0.26596016725062122     
  4.586802517683E-14  2.375739858902E-10 -7.084961459217E-13  4.185349823731E-11 -4.883421444166E-13  3.396112908004E-12 -5.491294945057E-14 -1.207905670121E-12  1.988354340901E-11 -5.686597705347E-13 -5.647219834177E-13 -9.316978569532E-13
 -2.375766109894E-10 -1.521307966830E-13 -1.152200697061E-10  7.407050709446E-11  6.007400086129E-14  4.163798271208E-12  8.951734181054E-14 -1.776559877916E-12  3.889929785072E-13 -3.601067336506E-13 -3.088684145071E-13 -1.384932416681E-12
  6.763724788248E-13  1.153024433100E-10  9.636699269490E-05  3.281916698769E-01  8.516376276383E-11  2.229162309863E-11 -2.154289171579E-13  1.309612982403E-12  7.906832122809E-14  5.138148212776E-13  3.733734791165E-13  6.489084710507E-13
 -4.184702524784E-11 -7.401009507463E-11 -3.281916698769E-01  9.636699275328E-05 -1.596520712583E-12 -8.611486527499E-11 -1.734772191553E-14  1.543019669214E-12 -5.160062757928E-11  3.663444076295E-14  9.611544575013E-13  1.496855572579E-12
  4.751552920995E-13 -6.561835495604E-14 -8.534031370167E-11  2.302802225462E-12  2.073841706147E-02 -2.443444832311E+00  6.948251743613E-11 -1.150028194303E-11  1.835163899370E-12  1.437076035388E-13 -1.119117213974E-13  5.034056064686E-14
 -3.393173577575E-12 -4.193043056659E-12 -2.156236459600E-11  8.608047978736E-11  2.443444832311E+00  2.073841706146E-02  1.700914790928E-12 -5.798495369825E-11  4.871549042641E-11 -4.895699103379E-13 -8.607144460659E-13 -3.693715370924E-12
  5.218819001541E-14 -1.285271061277E-13  2.017246414280E-13  5.036303782586E-14 -6.954924139857E-11 -2.734582988619E-12 -7.022332556434E-03 -9.514479607555E-01 -1.790398224941E-01 -4.930321073016E-11  2.149990645085E-11  6.546162322839E-13
  1.196186469596E-12  1.779697133100E-12 -1.313622341982E-12 -1.497375794584E-12  1.045739786434E-11  5.805057641032E-11  9.515066132157E-01 -7.041401581511E-03  7.608515264586E-02  2.476378042474E-11  3.587279085104E-11 -1.821382677431E-11
 -1.989269643976E-11 -4.624747649683E-13 -1.833016056376E-13  5.175483668317E-11 -1.375286189192E-12 -4.873485210275E-11  1.781731404032E-01 -7.742995810787E-02 -2.943036559895E-05 -1.362025182506E-12 -4.793934538883E-13  4.647611916503E-11
  4.372913857681E-13  1.885316067725E-13 -1.904226255815E-13 -2.227515170510E-13 -4.060293476928E-13  4.027260576754E-13  5.666179970476E-11 -1.843369953507E-11  6.448973227805E-13  2.829533940787E+01  1.384525384883E+02  2.183937206361E+00
  6.020013423917E-13  4.874327928890E-13 -5.749229445809E-13 -1.033283802119E-12 -2.167527125903E-13  9.325982621938E-13 -1.354912146036E-11 -4.305779212911E-11  4.144112317235E-13 -1.384557873276E+02  2.829297801876E+01  2.325740364024E+00
  9.216600546982E-13  1.379458393135E-12 -6.360729628323E-13 -1.502924225442E-12 -1.351223475149E-13  3.695215521550E-12 -6.082376572916E-13  1.829490057186E-11 -4.653321948053E-11 -2.428003670485E+00 -1.879087024039E+00 -3.007107304732E-03
  0.33794843828435900     
  4.391125305058E-14  4.746254955594E-10 -4.423384997041E-13 -9.676933859056E-11 -4.934554440373E-13  2.250302899792E-12 -3.132228178899E-13 -7.865881037940E-13 -3.995531876139E-11 -3.248735564383E-13 -4.918152549713E-13 -7.922095567981E-13
 -4.746023126853E-10  8.456694661897E-14 -2.322943676026E-10  1.586015732508E-10 -5.763425250481E-13  3.021851783917E-12 -1.231747208123E-13 -1.287938118249E-12 -3.753332616867E-15 -1.269201837928E-14 -2.928329181114E-13 -9.443492330400E-13
  3.557283186738E-13  2.324018594873E-10  9.026652427931E-05  1.133361873179E-01  1.760401915569E-10  5.078811562928E-11  1.809984558098E-13  9.839770565385E-13 -1.230378776624E-13  2.606430363258E-13  1.499510327601E-13  4.036993820245E-13
  9.676431099612E-11 -1.584014565743E-10 -1.133361873182E-01  9.026652420679E-05 -3.923174803854E-12 -1.685713364468E-10 -3.667560352093E-13  1.019628160843E-12  1.037836031700E-10  3.885894933472E-13  6.886513848620E-13  1.245562293967E-12
  4.920975291618E-13  5.275393713875E-13 -1.766024963773E-10  5.984765649567E-12 -1.756642518796E-02  1.521433175377E+00  1.424264860186E-10 -2.562631804859E-11  3.477645701787E-12  1.417698340178E-13 -2.079061312963E-13  2.567689828092E-13
 -2.265860893413E-12 -3.039754973267E-12 -4.859843319451E-11  1.684982797511E-10 -1.521433175377E+00 -1.756642518802E-02  4.205677442499E-12 -1.093917820647E-10  9.799312592222E-11 -1.004931036624E-12 -7.513648375385E-13 -2.158052972275E-12
  3.289325863044E-13  1.571905942700E-13 -1.868064840084E-13  3.684811613308E-13 -1.427381456953E-10 -7.152911896348E-12 -8.182390817584E-02 -6.841322927571E+00  3.022514205598E-02 -1.139312072959E-10  1.890562903499E-11  3.508933896113E-12
  8.238184392725E-13  1.336340151163E-12 -9.525398870633E-13 -1.041675825856E-12  2.250670591413E-11  1.095360405248E-10  6.841294594056E+00 -8.174690098160E-02 -1.057126241798E-01  2.903784005084E-11  8.542210721091E-11 -4.334984218021E-11
  3.996016258004E-11  3.338931799644E-14  7.957592100955E-14 -1.037257598595E-10 -2.363555173414E-12 -9.812115648444E-11 -3.403162276969E-02  1.058044552955E-01  7.975352288653E-05 -2.437217056346E-12 -1.323548793927E-12  1.013775711131E-10
  2.463485128950E-13 -1.988146295400E-13 -8.817986155359E-14 -3.233259089879E-13 -2.639811424015E-14  7.561691619418E-13  1.176413349034E-10 -3.650688508198E-11  2.116358798635E-12 -4.683593192340E+00  8.630096432135E+01 -1.627002960487E-01
  6.133350301988E-13  4.268612078699E-13 -3.566095371398E-13 -6.464942195601E-13 -1.533823276338E-13  8.804852305958E-13 -2.835151197517E-11 -8.676708461554E-11  5.213533412701E-13 -8.629783146277E+01 -4.688655535112E+00  7.809980676760E-01
  7.892658784366E-13  9.491421988419E-13 -4.066908415611E-13 -1.216357649676E-12 -2.524285924881E-13  2.169814702740E-12 -2.857745803319E-12  4.407515148411E-11 -1.014136913846E-10  7.734109224416E-01 -7.500486639819E-01 -5.122641747331E-03
  0.42187913817558742     
  9.684346378350E-15  9.230957942812E-10 -7.260344978560E-13 -2.923545919773E-11 -1.603587217905E-13  3.083521654382E-12  9.366638994965E-14 -6.617748289347E-13 -1.188732348412E-11 -6.625465826666E-14 -1.574587954984E-13 -1.597573361586E-12
 -9.231191214816E-10  6.282827603811E-14 -4.505254095478E-10  3.108642535541E-10 -3.168767987400E-13  1.685155941585E-12 -1.870583753974E-13 -6.173798705845E-13 -7.876016868408E-13  1.321999038097E-13 -2.127992423040E-13 -8.084114105902E-13
  7.904845170377E-13  4.500897508565E-10 -6.626984981449E-05  5.377849469425E-02  3.442179811617E-10  9.695769802586E-11  4.114707661559E-15  4.266610550575E-13  1.069945532198E-13 -3.760969886773E-14  2.982332577035E-13 -6.487177495725E-15
  2.922301953697E-11 -3.113806681048E-10 -5.377849469415E-02 -6.626984986972E-05 -1.472130778954E-11 -3.288643863328E-10  1.249787352461E-13  1.253063887676E-12  3.033630276795E-11 -9.491692405438E-14  3.162397073190E-13  3.457826438107E-12
  2.365227233074E-13  3.254153633926E-13 -3.423482550136E-10  8.110205626388E-12 -3.149886093530E-02 -1.683990588888E+00  2.809471395955E-10 -3.802543213360E-11  4.974727953404E-12 -1.371767319714E-13  4.949404641006E-14  4.145809904354E-13
 -3.083250253343E-12 -1.667462393755E-12 -1.038562754183E-10  3.289322981425E-10  1.683990588888E+00 -3.149886093513E-02  1.890411944190E-11 -2.052387100571E-10  1.880085418858E-10 -1.899637843038E-14 -4.204092226670E-13 -2.535832885514E-12
 -9.634280829940E-14  1.935162898171E-13 -4.639607227948E-15 -1.886949894322E-13 -2.805260436787E-10 -1.040115442965E-11  5.336077286847E-02 -3.314672159857E+00  2.510256587131E-02 -2.348651924544E-10  1.155453945847E-11  7.160950087398E-12
  6.861944835042E-13  6.012261339788E-13 -4.227989430058E-13 -1.275250603231E-12  4.635338873071E-11  2.045435977797E-10  3.314671383095E+00  5.326662892594E-02  9.984013256381E-02  3.498848221384E-11  1.738324719270E-10 -8.880771686389E-11
  1.188591594907E-11  7.863508330176E-13 -3.750653334682E-14 -3.033749658124E-11 -8.571391141849E-12 -1.880656169412E-10 -2.640919596180E-02 -1.009789317423E-01 -8.288901609747E-05 -3.033644100375E-12  5.555214447625E-13  2.003669207733E-10
  1.470415240192E-13 -7.597230757984E-14  1.225938148965E-13  2.351045973886E-14  1.303638267348E-13  7.964907723770E-14  2.364655407588E-10 -1.364130974730E-11 -1.353053419853E-14  2.432102664720E+00  2.586767890387E+01  1.849033032720E-01
  1.785817364044E-13  2.172752331013E-13 -2.174863667860E-13 -3.051060288128E-13  7.496246167717E-14  4.973614236489E-13  1.301851585136E-11 -1.769518483101E-10 -9.858459521237E-13 -2.591358836927E+01  2.431157201327E+00  2.757705611340E+00
  1.587129611152E-12  7.965384493774E-13 -1.249529105720E-14 -3.436601906401E-12 -3.702952295124E-13  2.545754185496E-12 -1.244430124703E-11  8.948301732828E-11 -2.003054573685E-10 -4.135239268050E-01 -3.130553880562E+00 -9.883735984185E-03
  0.51866877890639285     
 -6.818427391285E-15  1.708444388542E-09 -1.201334296045E-12  3.029640620543E-11 -3.845556916154E-13  1.658981151032E-12 -2.070755615566E-13 -9.134111945835E-13  1.371598803660E-11 -1.042439806579E-13 -3.634825306111E-13 -4.926444507036E-13
 -1.708441257499E-09 -3.549224810488E-14 -8.385452943669E-10  5.855243665578E-10 -6.631240699783E-13  1.947795196114E-12 -6.565710492804E-14 -8.922936339509E-13  1.396565612493E-13  1.465657760256E-13 -3.878622103743E-13 -5.084754352401E-13
  1.189540953124E-12  8.380288004247E-10 -1.416752793908E-04  1.607289906463E-01  6.411103256263E-10  1.834854771998E-10  3.418321723861E-13  4.224567109408E-13  1.181291014006E-14 -8.252143700797E-14  2.407224968986E-13  2.607174673594E-13
 -3.030388360955E-11 -5.862693631172E-10 -1.607289906463E-01 -1.416752794059E-04 -2.418143718364E-11 -5.984936561853E-10 -4.670663383467E-13  1.262742458898E-12 -3.563196040010E-11  1.150995989256E-13  2.937873563017E-13  6.458826823003E-13
  4.119425892806E-13  6.674652352584E-13 -6.398883542965E-10  1.958775160670E-11 -4.405459379948E-03 -6.655010863430E-01  5.185156858223E-10 -9.361222040276E-11  1.192979445123E-11  5.897578969124E-14  1.017676545953E-13  2.414117764539E-14
 -1.660450558987E-12 -1.949844128711E-12 -1.882891448235E-10  5.984904578322E-10  6.655010863432E-01 -4.405459380028E-03  1.697411318617E-11 -3.801613554504E-10  3.590518894396E-10 -4.112525747583E-13 -9.270372993570E-13 -1.667597406268E-12
  1.969199035675E-13  5.508062978688E-14 -3.456879910084E-13  4.643830898219E-13 -5.198006738384E-10 -1.825091073635E-11  9.876755810153E-03  7.741446958946E-01  1.353598244406E-02 -4.332649809588E-10  3.212151208940E-11  1.156707016481E-11
  9.011409189460E-13  8.935805295709E-13 -3.842519029701E-13 -1.224763316186E-12  8.953856158411E-11  3.790924748606E-10 -7.741654496656E-01  9.913566765491E-03 -5.420875760796E-02  7.370228735717E-11  3.228424248939E-10 -1.642268107184E-10
 -1.371711842520E-11 -1.436902471427E-13 -1.997969103433E-14  3.564139040332E-11 -1.449585712690E-11 -3.592106244005E-10 -1.227992510233E-02  5.453533545009E-02  4.221126083533E-05 -5.324388276608E-12 -2.704325511462E-12  3.595070813436E-10
  1.125426272333E-13 -1.774473909267E-13  1.233975490968E-13 -1.754975822851E-13  4.459701038789E-15  4.485578814508E-13  4.377209485789E-10 -6.523806944246E-11  3.808731295309E-12  1.217987455147E+00  2.675278003563E+01  7.494422129066E-01
  3.610156749984E-13  3.849478509578E-13 -2.581357625479E-13 -3.353874710045E-13 -1.811451803948E-13  9.997641073671E-13 -1.764772018917E-11 -3.274065706547E-10 -3.749998029093E-13 -2.676452587797E+01  1.207659880862E+00  1.586465482310E+00
  4.911814850500E-13  5.116339716554E-13 -2.582327290373E-13 -6.434812798486E-13 -2.901700346692E-14  1.648686605044E-12 -1.134381552822E-11  1.674901009319E-10 -3.594601792174E-10 -6.090771628933E-01 -1.659929039375E+00 -1.561497312506E-02
  0.62923387245886175     
  1.110429121769E-14  3.043934332642E-09 -6.877040698569E-13 -9.818408534821E-12 -1.032133973043E-13  1.540868912248E-12  7.353724082693E-15 -6.945762655993E-13 -3.433744711194E-12 -7.265578266296E-14 -3.050280571158E-13 -5.851169231854E-13
 -3.043947800239E-09 -1.122510733073E-14 -1.493039693214E-09  1.046726016087E-09 -7.332909673751E-14  1.749460305424E-12  2.080561117589E-14 -7.235191787993E-13 -6.876561383561E-14 -1.110614855472E-13 -2.707902658917E-13 -3.590059438614E-13
  6.740607251613E-13  1.492473941026E-09 -5.577353215576E-05  1.060748672202E-01  1.143672235688E-09  3.282749698837E-10  9.425904418101E-14  7.031879882092E-13 -2.660069949687E-14  2.012907058812E-13  1.968141896928E-13  2.575399362381E-13
  9.821138882085E-12 -1.047517395041E-09 -1.060748672201E-01 -5.577353202569E-05 -4.273332317102E-11 -1.065687541934E-09 -9.001499368294E-14  9.912318461436E-13  9.318108795806E-12  1.475836566613E-13  3.363426522234E-13  8.208434822838E-13
  1.180031334226E-13  9.120099836965E-14 -1.141694473214E-09  3.571073232457E-11  2.119495667000E-04  3.522878925308E-02  9.248201941327E-10 -1.663087306801E-10  2.216647827228E-11  2.091784144191E-13  3.930758987121E-13 -7.226264673176E-15
 -1.543222424691E-12 -1.764779059140E-12 -3.357041763438E-10  1.065751290296E-09 -3.522878925313E-02  2.119495665797E-04  2.956993872894E-11 -6.747085163120E-10  6.398073196689E-10 -3.180933214482E-13 -6.571182822091E-13 -9.888916762409E-13
 -1.322185718831E-15 -2.522179591851E-14 -1.031893117337E-13  8.458410807049E-14 -9.227263767785E-10 -1.531209619329E-11 -3.722630523484E-03  2.910048480015E-01 -1.785790663156E-02 -7.645329572821E-10  9.490190562010E-11  1.335829800076E-11
  6.966106337053E-13  7.155310838294E-13 -6.952514686770E-13 -9.958821308842E-13  1.821861805485E-10  6.737659171567E-10 -2.910011869437E-01 -3.716352051080E-03 -1.451347098881E-02  1.675139536817E-10  5.675039801654E-10 -2.946819813367E-10
  3.432449625863E-12  5.701484543777E-14  1.227930369011E-14 -9.312770329244E-12 -2.617403752130E-11 -6.398707594899E-10  1.775672412679E-02  1.477300458461E-02  2.379106823688E-06 -8.845047636060E-12 -4.495722662881E-12  6.437333759992E-10
  2.685754759963E-14  1.440611097251E-14 -1.339678327550E-13 -6.392869403665E-14 -2.192248666424E-13  1.619844694438E-13  7.817150078950E-10 -9.170023619327E-11  1.011524035345E-11  3.046816065158E+00  2.521634765947E+01  7.491153879383E-01
  2.975688274108E-13  2.720998431791E-13 -1.693796386895E-13 -3.611284224069E-13 -3.338101492507E-13  7.615598548297E-13  3.095425807769E-12 -5.894515240344E-10  2.076314150757E-12 -2.521732957245E+01  3.038521616961E+00  1.461194893793E+00
  5.827071172186E-13  3.641738351703E-13 -2.575255869364E-13 -8.264010046734E-13  2.161269201696E-14  9.918889489891E-13 -1.607041141843E-11  2.971928779870E-10 -6.436796036787E-10 -7.926390802198E-01 -1.317509169568E+00 -5.196998168732E-03
  0.75449093081508067     
  5.908335023966E-14  5.244892332485E-09 -6.642006179501E-13 -9.624353267204E-12 -2.361546442578E-13  1.168684046234E-12  5.371432662906E-14 -7.522544107827E-13 -3.158768290975E-12 -2.241660958504E-14 -3.032452441266E-13 -3.656480359808E-13
 -5.244897130197E-09 -2.951798942201E-14 -2.572745178748E-09  1.809039582710E-09 -2.924715309118E-14  2.107051106983E-12 -1.107548288234E-13 -6.586546099110E-13  6.183732447142E-14 -5.824707054656E-14 -2.315769043349E-13 -5.388264204768E-13
  6.870356233429E-13  2.571599491989E-09 -7.087672970403E-05  1.135402427909E-01  1.973176162412E-09  5.614148087046E-10 -4.708821650633E-15  6.550677255416E-13  2.002078233930E-14  8.372935732072E-14  2.659188143242E-13  2.184594651168E-13
  9.626616224288E-12 -1.810696153547E-09 -1.135402427908E-01 -7.087672966246E-05 -7.995666186288E-11 -1.834011381113E-09 -6.793575108331E-14  1.125509903289E-12  8.517125654626E-12  9.613353038258E-14  2.921433730528E-13  3.502857916682E-13
  2.037740129497E-13 -2.411521249749E-14 -1.985391571896E-09  1.199054454989E-10  1.440016133745E-02 -6.385466395988E-01  1.602708300944E-09 -2.862606152489E-10  7.288124464403E-11 -3.141727309660E-14  1.837289872517E-13  1.981965147650E-13
 -1.172477624002E-12 -2.098828971781E-12 -5.180773716299E-10  1.831428462029E-09  6.385466395989E-01  1.440016133725E-02  2.785087142234E-11 -1.149832644267E-09  1.103573766180E-09 -2.800016134440E-13 -8.280223936590E-13 -1.922598026392E-12
 -6.330100620045E-14  9.434551371009E-14  2.301755457881E-14  9.670167485873E-14 -1.605276063065E-09 -8.145681229180E-11 -9.174794336505E-03 -6.403503191721E-01 -2.045276143582E-02 -1.343560394393E-09  8.067799279830E-11  3.933970950982E-11
  7.460908719684E-13  6.570346567083E-13 -6.693811783232E-13 -1.129197706698E-12  2.372453357406E-10  1.155441859450E-09  6.403587112386E-01 -9.201261307624E-03 -2.101248704199E-02  2.005873094215E-10  9.899191257511E-10 -5.191227858678E-10
  3.159761554334E-12 -6.360762143877E-14 -5.562835764777E-15 -8.527194997686E-12 -4.664889535674E-11 -1.104354922983E-09  2.103738400719E-02  2.124526430562E-02  7.901811696023E-06 -2.050424847861E-11  7.395062786466E-12  1.106913552296E-09
  8.802709953018E-14  6.494992983483E-14 -1.175907723628E-13 -1.424537997037E-13 -6.630725384197E-14  4.527827366540E-13  1.307439998250E-09 -4.047088750926E-10  2.614568918684E-11 -2.636372967788E+00  1.409253042452E+01  1.484498761255E-01
  2.810021504400E-13  2.322198275029E-13 -2.070499320579E-13 -2.255384401387E-13 -2.143903803064E-13  8.403806981790E-13 -3.443181775074E-10 -9.304453626656E-10 -2.304854254081E-11 -1.408431913329E+01 -2.649453155481E+00  1.346461808191E+00
  3.619154910581E-13  5.366063563108E-13 -2.241260242089E-13 -3.468582018427E-13 -2.580818044127E-13  1.902981024213E-12 -2.154019541334E-11  5.274687141274E-10 -1.106963152285E-09  2.393590721696E-01 -1.253498929160E+00 -1.366237172279E-02
  0.89535646595713614     
 -9.412957329051E-16  8.758187382799E-09  1.600652154586E-13  1.422253754505E-11 -1.695240198445E-14 -1.744619805727E-14  1.747763148729E-14 -5.222105978083E-15  6.216081974741E-12 -4.185932129781E-14  8.026105774628E-15  3.013662579623E-14
 -8.758190428652E-09 -1.497751692671E-14 -4.298099596354E-09  3.023499484397E-09  1.482981523023E-13  1.778387187270E-13  6.406543865478E-14 -2.068506438640E-14  5.490655605930E-14  6.687578549046E-14  7.494846452181E-14 -1.458620356862E-13
 -1.695454299111E-13  4.296459987897E-09 -2.615578267016E-05  4.906857645044E-02  3.289578604038E-09  9.648176979774E-10 -9.306959769044E-15 -3.583885455464E-14  1.986036916169E-13 -9.849732892048E-15 -8.164051260012E-14  1.397783334612E-13
 -1.421831863415E-11 -3.025801882463E-09 -4.906857645056E-02 -2.615578278030E-05 -1.103656104738E-10 -3.060479952731E-09 -7.646608788774E-14  1.557020148841E-13 -1.615418625622E-11  1.099612863781E-15  5.859867093924E-14 -3.280659279802E-13
  1.159409492135E-14 -1.554337614114E-13 -3.289479085959E-09  1.080488139589E-10  5.484319926131E-05  2.580424729373E-01  2.661762425605E-09 -5.006085137415E-10  6.694250411881E-11  4.928942167285E-14 -1.105730213948E-13  2.331305890837E-13
  1.854858815765E-14 -1.805210412645E-13 -9.670442671675E-10  3.059984900127E-09 -2.580424729373E-01  5.484319924337E-05  6.890869329905E-11 -1.935107648598E-09  1.844449060468E-09 -1.315446795762E-13 -4.133227935743E-14  4.311930768760E-14
 -2.011456748985E-14 -5.811761137318E-14  2.151383323724E-15  8.295387896981E-14 -2.669478835508E-09 -9.834050213301E-11 -2.288173022565E-02 -1.486887307873E+00  1.717458539359E-02 -2.239885786873E-09  2.283930278602E-10  6.298807797031E-11
  4.415201255212E-15  2.329346418323E-14  1.024605019805E-14 -1.449293513583E-13  4.594381058692E-10  1.933848869257E-09  1.486889354353E+00 -2.288472856440E-02  1.870859340968E-02  4.264385990554E-10  1.656198050858E-09 -8.557396830620E-10
 -6.216137694759E-12 -4.985326042488E-14 -2.215626649767E-13  1.615419716975E-11 -6.766223612836E-11 -1.844507068474E-09 -1.750900776758E-02 -1.864823868564E-02  1.818462162883E-06 -2.061727442320E-11 -8.069216919172E-12  1.848219684769E-09
  3.708950760388E-14 -7.214216815733E-14  1.036021521534E-14 -3.926150420711E-15 -3.498647000914E-14  1.411630793965E-13  2.223211191731E-09 -5.340855567447E-10  2.641067941463E-11 -2.412198532434E-01  5.800254155409E+00 -9.397118427966E-02
 -4.323963549138E-15 -7.983501547987E-14  7.282899422896E-14 -5.957822235833E-14  1.176136685301E-13  2.784854358478E-14 -3.486944245497E-10 -1.635986242522E-09  1.253547749452E-11 -5.798886516890E+00 -2.392221049672E-01  5.790430887573E-01
 -3.161398984393E-14  1.371837339527E-13 -1.426164567907E-13  3.229604661332E-13 -2.084273368064E-13 -6.048992983635E-14 -4.451802269386E-11  8.504290988440E-10 -1.848113407845E-09  1.000788652627E-01 -5.580537261957E-01  1.429730617949E-03
   1.0527469898671145     
  3.323469656936E-15  1.423806634436E-08 -3.334184447005E-13  1.220871714076E-11 -1.833984321442E-13 -3.379887812357E-13 -6.871735665436E-14 -1.425418792240E-13  5.438049290170E-12 -1.414719185658E-16 -1.063832451572E-13  3.624930775149E-13
 -1.423807184478E-08  1.416193405792E-14 -6.986700953732E-09  4.917886383422E-09 -2.805349839046E-13  3.272075620753E-13 -1.151709257458E-13 -1.810587326722E-13  3.381256377789E-13  1.196831898163E-13 -7.990811577958E-14  1.512251830264E-13
  3.262826066530E-13  6.981871983846E-09 -6.657504020653E-06  6.784970940014E-03  5.354379365632E-09  1.543959954474E-09  2.332341967007E-13  2.088162644335E-13 -1.394894573545E-13 -4.546948891603E-14  1.649621941078E-13 -7.852279560953E-14
 -1.220733865679E-11 -4.924740013898E-09 -6.784970940014E-03 -6.657504000826E-06 -2.026463511740E-10 -4.974489288569E-09 -1.891534642496E-13  3.197812091218E-14 -1.366346856393E-11 -2.785256381642E-15 -4.353448162213E-14 -7.887543830017E-13
  1.760344842404E-13  2.780028493055E-13 -5.324535347922E-09  1.039151544161E-10  3.113024740564E-03  1.654278788365E-01  4.330791352493E-09 -7.377682678506E-10  6.377273742565E-11 -6.355050313257E-14  2.005677772060E-13  1.695783673047E-14
  3.411827526568E-13 -3.388932795262E-13 -1.649192381118E-09  4.975797485752E-09 -1.654278788364E-01  3.113024740596E-03  1.972799482478E-10 -3.155257063588E-09  3.001465922862E-09 -1.510208709770E-13 -1.594472639106E-13  5.923835319697E-13
  7.633578359646E-14  1.161646016386E-13 -2.310769418326E-13  1.820544653009E-13 -4.324854675387E-09 -8.130626641930E-11  6.768687674387E-04 -6.228796890372E-02  1.837830111222E-02 -3.652952268453E-09 -1.337117946890E-10  5.915294793957E-11
  1.239816683336E-13  1.773866411239E-13 -2.036076006629E-13  1.208765687216E-14  8.436315055549E-10  3.142237014269E-09  6.227242427801E-02  6.646725121441E-04 -7.567252923699E-02  3.528973775422E-10  2.771548263435E-09 -1.393422115477E-09
 -5.440118322258E-12 -3.369748175549E-13  1.301701708995E-13  1.366784033272E-11 -1.210490257079E-10 -2.999400002463E-09 -1.918777056915E-02  7.545528981495E-02 -3.498581262481E-06 -4.448739760895E-11 -1.686615583055E-11  3.004777557360E-09
 -1.418339887409E-14 -1.237958278129E-13  6.071174505540E-14  9.108174289489E-15  7.811814007959E-14  1.416524559425E-13  3.638606216979E-09 -1.206179662541E-10  3.153763115603E-11  2.002305839220E-01  2.939195394623E+00  3.996693761976E-02
  1.057147080379E-13  7.146834212569E-14 -1.492673029853E-13  4.294680880345E-14 -1.898981535713E-13  1.916648365569E-13  4.105828744521E-10 -2.788101541075E-09  2.429988174938E-11 -2.939053737585E+00  2.003448414061E-01 -2.593104328796E-02
 -3.604471017229E-13 -1.485023694230E-13  8.268628695856E-14  7.868149092424E-13 -1.956541825578E-14 -5.882992951658E-13 -8.749853945053E-11  1.388861501525E-09 -3.005007653631E-09 -4.295444837863E-02  1.820839934463E-02 -1.813051711106E-04
   1.2275790145271024     
  2.700548998700E-14  2.257286664399E-08  5.595874260942E-14  1.436253291487E-11 -4.948874823606E-14 -4.864263365024E-13  4.113193714709E-14  1.182782080335E-13  6.182269613198E-12  6.008155386286E-15  2.959689675905E-14  1.460000265367E-13
 -2.257285790202E-08 -2.365061289448E-14 -1.107489645737E-08  7.797963058680E-09  4.736428426846E-14 -1.133630965914E-13 -2.380202699669E-14  1.849592730159E-13 -5.935109672149E-15 -3.222266031553E-14  1.681275637710E-13 -9.455822355861E-14
 -7.823008366096E-14  1.107012181590E-08  7.843660093104E-06 -1.273141189725E-02  8.458224924418E-09  2.552426409212E-09 -1.270169214308E-14 -1.198275041850E-13  2.296951028303E-13 -7.049913160333E-15 -5.248168766253E-14  1.124154336108E-13
 -1.436322611755E-11 -7.804757095715E-09  1.273141189722E-02  7.843660091652E-06 -2.243080285952E-10 -7.890773031187E-09 -3.323857608820E-14  1.602471054948E-13 -1.608460466070E-11 -5.914144205153E-14  4.424347835653E-14 -5.325248267945E-13
  4.118497428941E-14 -5.252222573254E-14 -8.451360292433E-09  1.964448229519E-10  2.422018714262E-03  8.005186553465E-01  6.838556075143E-09 -1.339900592875E-09  1.214514479498E-10  5.872089359411E-14 -1.788730462489E-14  2.128034764119E-13
  4.871288907020E-13  1.152608083939E-13 -2.581736070314E-09  7.890192499396E-09 -8.005186553465E-01  2.422018714265E-03  1.754815591152E-10 -5.002317870887E-09  4.755876727720E-09  2.208785187098E-15  2.744125578170E-14  3.212472990386E-13
 -4.101794797283E-14  2.521168058175E-14  2.425978349001E-14  2.179258911404E-14 -6.836164736696E-09 -1.436008646961E-10  3.000460315117E-03 -1.162837233321E+00  6.462308491878E-03 -5.760269040061E-09 -4.846394697178E-10  7.324409347722E-11
 -1.294083165909E-13 -1.874326853035E-13  1.104729662208E-13 -1.384983168180E-13  1.370394401963E-09  4.993739813100E-09  1.162828000682E+00  3.017120800365E-03 -1.542739549014E-02  3.785022248817E-10  4.426602160680E-09 -2.195636753414E-09
 -6.181871117940E-12  5.205378121386E-15 -2.501357901440E-13  1.608151423097E-11 -1.372133165356E-10 -4.760881576668E-09 -7.805592736050E-03  1.531558015479E-02  1.780664139857E-05 -5.947144659274E-11 -4.560943131496E-11  4.767980983013E-09
 -1.998130999598E-16  4.164692179932E-14 -3.675613912384E-15  4.818031618339E-14 -6.092677524407E-14 -2.181115536079E-14  5.726886365682E-09 -8.958704499070E-11  3.615220077891E-11  2.390895623226E-01  3.952785086555E+00  3.515978908287E-01
 -2.782857958322E-14 -1.697441593316E-13  5.875590385824E-14 -3.925031378176E-14  2.563709874352E-14 -1.132799145986E-14  8.406377403549E-10 -4.434686222612E-09  2.322883518500E-11 -3.956770903295E+00  2.383752334612E-01  5.750917656665E-01
 -1.455177014825E-13  9.504772163426E-14 -1.126689437447E-13  5.337005452789E-13 -2.266145377936E-13 -3.169623955820E-13 -1.082776865658E-10  2.219546156508E-09 -4.766023680474E-09 -3.704551896063E-01 -5.706526270981E-01 -3.903616970336E-03
   1.4207690519191860     
  2.392022287280E-15  3.499504047925E-08  2.985730677065E-13 -7.579910931167E-12 -2.752383117832E-14  4.119126776170E-14  8.835510530410E-14  7.944809872916E-14 -3.058675722619E-12 -2.702861994144E-14 -3.826475764402E-14 -1.374207817465E-13
 -3.499504473093E-08  2.455960867402E-14 -1.716714079113E-08  1.208995363698E-08  3.097581788447E-13  1.576415131656E-13  4.307503748052E-14 -1.763369581499E-14 -1.555619868380E-13 -5.041652773782E-14  1.314226878079E-13 -1.130415623443E-13
 -2.849445888125E-13  1.714702973855E-08 -4.415730012854E-05  2.666178098449E-02  1.312062012591E-08  3.913663336973E-09 -8.980399959761E-14  6.945806231905E-14  1.212847081337E-13  5.671655313663E-14 -1.102327765389E-13  5.116701301352E-14
  7.585667484806E-12 -1.211846179377E-08 -2.666178098449E-02 -4.415730010976E-05 -3.898597400868E-10 -1.223884065751E-08  6.538999726382E-14  1.825747247276E-13  7.945653843412E-12 -2.764867957875E-14  5.599075363967E-14  1.450486465114E-13
  3.103972177436E-14 -3.006750987911E-13 -1.305725304050E-08  1.741518386809E-10 -1.140552703327E-03 -7.203101477025E-02  1.058915708449E-08 -2.044451557949E-09  1.093590387124E-10  4.200359640200E-14  1.601747791923E-13  2.359808257502E-13
 -4.006115723343E-14 -1.623978330583E-13 -4.141444466496E-09  1.223661723346E-08  7.203101477024E-02 -1.140552703333E-03  3.495845744081E-10 -7.775339909892E-09  7.376619583770E-09 -5.057925589660E-15  6.146913770096E-14 -3.624824933591E-13
 -9.223511048007E-14 -4.434085179600E-14  8.929033688362E-14 -6.698289350350E-14 -1.054260971696E-08 -8.350236850489E-12  5.765085485658E-03 -2.586074458310E-01  1.063097063433E-02 -8.775616722203E-09 -1.704967607548E-09  5.499546981469E-11
 -7.756341911479E-14  1.593950243360E-14 -7.605140725931E-14 -1.835659788309E-13  2.402369675184E-09  7.745180433606E-09  2.586147358010E-01  5.768256742668E-03  3.289202925115E-02 -7.901625997013E-11  6.933750371861E-09 -3.403849841464E-09
  3.055762273479E-12  1.539974339148E-13 -1.061080669100E-13 -7.945257596067E-12 -2.277410647148E-10 -7.372861200919E-09 -9.856187552164E-03 -3.316534154881E-02  6.739826945325E-06 -6.111728724790E-11 -8.212264067622E-11  7.391920352399E-09
  2.916610586534E-14  5.910882458090E-14 -6.755865568194E-14  2.357464727578E-14 -5.138940942796E-14  2.144492957874E-14  8.743081913050E-09  3.843202219411E-10  5.963969208503E-11  2.733294806848E-02  1.662681518743E+00  2.213432910461E-02
  4.735600937552E-14 -1.211490545801E-13  1.033286167121E-13 -6.759185062877E-14 -1.595027825985E-13 -4.592284954140E-14  1.995864483860E-09 -6.797072467122E-09 -1.152098217437E-10 -1.662947109024E+00  7.902708700329E-03  7.261831126567E-01
  1.352270533932E-13  1.137597728514E-13 -4.951570076935E-14 -1.418472724444E-13 -2.142765347013E-13  3.614387331604E-13 -1.861447518204E-10  3.585009114597E-09 -7.392364806731E-09  1.042110205804E-02 -7.263361861454E-01 -1.943199564659E-02
   1.6332336140254522     
  1.662576972970E-14  5.315650868505E-08  2.226181139593E-13  6.850722519967E-12 -6.106576136500E-14 -7.703117106464E-16  1.086840142841E-13  4.936382597589E-14  3.299859298333E-12 -1.850761632530E-14 -1.233447149865E-14 -4.854131791537E-15
 -5.315650861215E-08  1.171782805352E-14 -2.605652566404E-08  1.839252433034E-08  3.051204805070E-13  4.250610460759E-13 -9.279465754968E-15 -7.453923338608E-15  2.481813348215E-15 -4.156215717719E-14  4.135348424495E-14 -1.550705169388E-14
 -2.188372714204E-13  2.604809919786E-08 -1.070814625216E-05  2.365782899487E-02  1.985886582619E-08  6.180540608279E-09 -3.672264364055E-14  2.789265669760E-13  5.366586692685E-14  3.456995765384E-14 -2.612303970099E-14 -3.200036077000E-15
 -6.849689603872E-12 -1.840446849629E-08 -2.365782899491E-02 -1.070814622101E-05 -3.712626163851E-10 -1.859470410390E-08  1.455478009673E-13 -5.861712898794E-14 -8.207887501475E-12 -2.553717762996E-14 -1.890775410300E-14 -9.076369090847E-14
  6.267883782030E-14 -2.986751796114E-13 -1.984846732119E-08  3.301978737105E-10 -2.938764501218E-04 -1.753423738423E-01  1.597720475409E-08 -3.646805931935E-09  1.927400254939E-10  5.394569760449E-14  2.242588400379E-13  3.409759957749E-14
  9.274696077637E-16 -4.297484527977E-13 -6.223207108126E-09  1.859253848594E-08  1.753423738423E-01 -2.938764501040E-04  1.146413799858E-10 -1.180964183479E-08  1.120863863425E-08  8.443849598035E-14  9.648558928953E-14 -1.750706794344E-13
 -1.066518227785E-13  6.533938866002E-15  3.917483337756E-14 -1.458567995946E-13 -1.597960922866E-08 -9.426732693199E-11  1.788609956546E-04  2.771300288033E-01 -1.214360764752E-03 -1.332502067023E-08 -2.538078586534E-09  1.180997000087E-10
 -5.298837893208E-14  1.151497666150E-14 -2.930483384088E-13  6.824709956774E-14  3.657755848665E-09  1.179556797496E-08 -2.771287036267E-01  1.902931347028E-04 -1.637104493617E-02 -6.099880220796E-11  1.055133399483E-08 -5.175640406091E-09
 -3.299751504965E-12 -8.875028591445E-16 -5.725189862585E-14  8.207325883927E-12 -2.141730119536E-10 -1.121645951569E-08  1.419039599951E-03  1.636337367024E-02  1.149696093940E-05 -2.775360503678E-11 -1.190844525156E-10  1.123384178249E-08
  2.037874994523E-14  4.221556820398E-14 -3.434515498829E-14  1.898288822136E-14 -5.128235729048E-14 -7.515537972884E-14  1.322717102135E-08  4.073115308773E-10  6.952760067676E-11  1.214589629767E-02  3.105888955741E-01  2.622311399393E-01
  1.279982260613E-14 -3.827399654607E-14  2.386832034257E-14  2.249172867434E-14 -2.234491003681E-13 -9.561486945075E-14  3.002315537060E-09 -1.043912688156E-08 -1.108028551907E-10 -3.150582953922E-01  7.102077693753E-03  2.091590920221E-01
  4.249742993471E-15  1.961711656325E-14 -1.274587837907E-15  9.419824885086E-14 -2.082446142460E-14  1.717075146621E-13 -1.212802043858E-10  5.393837247062E-09 -1.123023890613E-08 -2.632714177132E-01 -1.986139071217E-01 -3.075481713292E-03
   1.8658892128279874     
 -1.886821023444E-14  7.925983754059E-08 -1.893045836000E-13  8.309575261577E-12 -1.469898664843E-13 -5.751351850378E-14 -2.857247325544E-14 -1.039847413901E-13  4.435557282052E-12  1.421459838768E-14 -7.806053996197E-14  9.021133611862E-14
 -7.925983885316E-08 -7.107734445401E-15 -3.879163423745E-08  2.751029698286E-08 -1.085441402941E-13  1.211495404865E-12 -8.616359650613E-14 -1.024558395830E-13  8.346192089828E-14  4.193093920552E-14 -5.204402458606E-14 -1.429191119201E-15
  1.911979357754E-13  3.879589202342E-08  4.250823803829E-07  2.730765184852E-03  2.948871044257E-08  9.554996067469E-09  6.170631994921E-14  6.740237951542E-13 -5.867387026183E-14 -3.628997951769E-14  2.038431720742E-14 -6.521302541831E-15
 -8.309495385648E-12 -2.750429090851E-08 -2.730765184845E-03  4.250823519851E-07 -2.403642327467E-10 -2.774579920858E-08 -6.024452673285E-14  1.052424596929E-13 -1.059682806240E-11  2.551067398579E-15  3.151470560811E-14 -2.653551687155E-13
  1.492005689219E-13  1.107986754884E-13 -2.950234959184E-08  2.847251206843E-10 -3.831834581312E-05  2.685467772267E-02  2.368025648475E-08 -5.861811973388E-09  1.298293062708E-10  1.094564555187E-14  4.453916752377E-13 -2.381401628032E-15
  5.722135258071E-14 -1.217164189171E-12 -9.508395268220E-09  2.774690093973E-08 -2.685467772271E-02 -3.831834578294E-05 -3.990754463442E-11 -1.764860215384E-08  1.673390253076E-08 -1.113340737113E-14 -1.462193255074E-13 -4.697551029070E-13
  2.862061542055E-14  8.922119210287E-14 -6.400056887397E-14  5.364267865147E-14 -2.368997203138E-08 -2.364357728172E-11  5.124093984802E-04  3.043295938005E-01 -3.584733984272E-03 -1.972368318723E-08 -4.142958957218E-09 -6.815020642925E-11
  9.961904236318E-14  9.732045293684E-14 -6.703495665003E-13 -8.520359386848E-14  5.798604222396E-09  1.763547012365E-08 -3.043218722906E-01  5.556339233565E-04 -3.322614630127E-02 -1.437307771714E-10  1.565831610205E-08 -8.021424270358E-09
 -4.436306219745E-12 -9.140046990335E-14  6.571105972564E-14  1.060612644657E-11 -1.115224831585E-10 -1.675704377537E-08  4.039571854086E-03  3.319477021379E-02  4.384988358888E-05 -1.573478046518E-10  1.452043129506E-10  1.676264985404E-08
 -1.308045001932E-14 -4.261575646894E-14  3.618299599276E-14 -1.496169894011E-15 -1.632026661410E-14  1.336900156016E-14  1.973237578621E-08  9.723254585205E-11  1.244277129812E-10  7.194248346842E-04 -3.839000965615E-01  4.303903101575E-02
  7.932899275909E-14  5.009516106893E-14 -2.192960392944E-14 -2.987294069643E-14 -4.521902709455E-13  1.430387008000E-13  4.078421271196E-09 -1.569975342918E-08 -9.301355874192E-11  3.839846654056E-01  1.014983047780E-03  4.864143496232E-02
 -9.023129350452E-14  2.011380709279E-15  6.116852113497E-15  2.652237695274E-13  2.902500675036E-15  4.676345342594E-13  5.972365877641E-11  7.974954339265E-09 -1.675304345889E-08 -4.127104052789E-02 -4.794740165991E-02  1.237409616282E-04
   2.1196523603088777     
 -1.163526903370E-14  1.161883644856E-07 -3.468782287051E-13 -1.901918663823E-11 -4.143550235469E-14  5.010963821279E-13  1.616985604262E-15 -1.614618746053E-13 -6.802904569530E-12  1.608190656458E-14 -6.059227192904E-14 -2.645599905442E-13
 -1.161883605829E-07 -1.182625858750E-14 -5.673113375670E-08  4.051352729799E-08 -8.482402495237E-14  1.876348334379E-12 -2.891914968562E-14 -1.454658520307E-13 -1.107525014666E-13  4.349571929629E-14 -1.278571163233E-14 -2.040565543007E-13
  3.440501435719E-13  5.673289060518E-08  1.314564190632E-06  2.571292994829E-02  4.306001679967E-08  1.437541106792E-08  1.892158440614E-13  1.005574259283E-12  1.989673782441E-13 -4.010586993804E-14  3.553316924148E-14  9.255887571309E-14
  1.901908574119E-11 -4.051109877307E-08 -2.571292994829E-02  1.314564159828E-06 -2.035356751051E-11 -4.072512903467E-08  4.393488905885E-14  4.406488473468E-13  1.883446576895E-11  1.265122528910E-14  1.084711872020E-13  4.402149900913E-13
  4.149049296765E-14  8.766038904390E-14 -4.304735283249E-08 -1.361584086153E-11 -2.161244841129E-05 -2.479185325025E-02  3.456314377000E-08 -8.827243726949E-09 -1.266499991816E-10 -9.845219415413E-14  6.381745465496E-13  1.783832207342E-13
 -5.025750507527E-13 -1.872600302983E-12 -1.441154479202E-08  4.072575413206E-08  2.479185325026E-02 -2.161244836830E-05 -2.339875940877E-11 -2.593115958348E-08  2.459461318641E-08 -4.503462622450E-14 -3.276945200323E-13 -1.431439252941E-12
 -3.398759346056E-15  2.735627004348E-14 -1.814071640431E-13 -3.724925770504E-14 -3.461433493488E-08 -9.481907820845E-11 -1.347334077183E-03 -2.354135142386E-01  1.832997292769E-02 -2.885716369454E-08 -6.055221544956E-09 -7.207067700078E-11
  1.655658816957E-13  1.439781395142E-13 -1.008699302292E-12 -4.510914266398E-13  8.649448842323E-09  2.590917645134E-08  2.354038941041E-01 -1.356962387959E-03  1.403649994594E-02 -1.219736163915E-10  2.296856969710E-08 -1.183355580430E-08
  6.803090710595E-12  1.076819244714E-13 -2.068316004486E-13 -1.883645220503E-11  9.727882224142E-11 -2.460995060705E-08 -1.854728166094E-02 -1.394970948553E-02 -6.674585636414E-06 -1.078962771698E-10  2.993138927074E-10  2.459475380894E-08
 -1.560236089884E-14 -4.065560532366E-14  3.902366210912E-14 -1.357397358282E-14  1.006001918380E-13  4.952115174423E-14  2.885367641494E-08  5.356774925693E-12  3.052981070674E-11  3.405902642260E-04  1.036421078778E-01 -8.766971256114E-02
  6.100868048207E-14  1.330420928054E-14 -3.370180605267E-14 -1.100146541746E-13 -6.395742573435E-13  3.361666851442E-13  5.939907140642E-09 -2.297581849471E-08 -3.712508757093E-10 -1.047434189311E-01 -8.619620824788E-04  4.173149137015E-01
  2.644657896621E-13  2.025772851647E-13 -9.621390644724E-14 -4.392747649793E-13 -1.723879934133E-13  1.429421797547E-12  3.588550779045E-11  1.190207047530E-08 -2.458819930866E-08  8.762786264206E-02 -4.176960259165E-01 -6.581443024135E-04
   2.3954395684502101     
 -1.038417157354E-14  1.676815860003E-07 -5.219776557280E-13 -9.423427492329E-12 -8.762592233253E-14  8.240793655501E-14  5.012801605697E-15 -3.240753943182E-14 -1.708826656548E-12  1.445934471363E-14  1.524056979668E-14 -1.264152620550E-13
 -1.676815843508E-07  6.276363986215E-15 -8.154036701515E-08  5.893500605254E-08 -2.608593139072E-13  2.911900528421E-12 -8.722626222159E-14  6.922265981402E-14 -1.308041283614E-13  2.293386797708E-14  5.665561290946E-14 -8.766763806311E-14
  5.237681745568E-13  8.150476284577E-08  1.117367382573E-05 -1.830234864154E-02  6.194458462081E-08  2.096909036934E-08  2.682484937102E-13  1.712072781579E-12  1.473028103316E-13 -5.993421624914E-14 -3.925292520978E-14  5.632016168725E-14
  9.424008862670E-12 -5.898424442219E-08  1.830234864152E-02  1.117367379027E-05  1.410350689055E-10 -5.890465147903E-08 -5.104285206685E-14  3.016374814720E-13  6.756944456764E-12  2.704971351264E-14  5.026418890439E-14  2.069792204254E-13
  8.969128069207E-14  2.677579493112E-13 -6.189176858357E-08 -3.259679630651E-10  1.810388677626E-04  7.153776180587E-02  4.979055246331E-08 -1.267544702603E-08 -5.011181789136E-10 -2.447978663555E-13  1.171778253443E-12  9.651678500408E-14
 -8.210983826484E-14 -2.912715524138E-12 -2.115979764278E-08  5.889142599302E-08 -7.153776180583E-02  1.810388677513E-04  2.530997276537E-10 -3.736890497447E-08  3.569898740697E-08 -8.129769548788E-14 -1.857855338792E-13 -1.924766497759E-12
 -3.124831067218E-15  9.015253849691E-14 -2.677957556638E-13  4.397108546852E-14 -4.980341582125E-08 -1.625121220368E-10 -1.231051145447E-04 -1.372391423904E-01  2.255068736896E-02 -4.156727307293E-08 -8.731004541746E-09 -6.459565523571E-11
  3.160022324473E-14 -7.070346914409E-14 -1.708405931114E-12 -3.042220919216E-13  1.272168916447E-08  3.732317943194E-08  1.372298266237E-01 -1.206051573239E-04 -9.221070995236E-03 -1.498818807508E-11  3.289694178842E-08 -1.757230544037E-08
  1.707639544442E-12  1.327539770921E-13 -1.487212543378E-13 -6.761525687398E-12  4.046746284564E-10 -3.571464499670E-08 -2.259618331270E-02  9.234689955640E-03  4.741842978895E-06 -1.085321534507E-10  9.884258356467E-10  3.557377250525E-08
 -1.585445584157E-14 -2.074962266758E-14  6.255382427533E-14 -2.932426362098E-14  2.436221339037E-13  7.872580959321E-14  4.158110210089E-08 -8.195140452247E-11  1.144548403873E-10 -1.915276443804E-04  1.114604958367E-01 -7.579115494507E-02
 -1.557838584798E-14 -5.640559081044E-14  3.868504626444E-14 -4.918593339548E-14 -1.170443678832E-12  1.835143065090E-13  8.632592856727E-09 -3.294661486904E-08 -9.171983568695E-10 -1.116150468450E-01  1.341500858788E-04  1.274580509606E-01
  1.268140749812E-13  8.833726266360E-14 -5.634427551537E-14 -2.074227293462E-13 -9.304430652142E-14  1.924542205108E-12  1.108494927805E-10  1.750789987117E-08 -3.556939060381E-08  7.572015683508E-02 -1.273143330774E-01  2.912989429387E-04
   2.6941673492340708     
 -2.829616171880E-15  2.385376786907E-07 -9.089404225003E-13 -1.574646874909E-11 -3.715416446598E-14 -1.665824867940E-13  2.726820825506E-14 -5.399173097169E-14 -2.548942516744E-12 -4.325289455573E-15 -2.223983846884E-14  1.096352089843E-13
 -2.385376872006E-07 -6.308390027459E-15 -1.152140350386E-07  8.491130408077E-08 -4.092896328471E-13  5.241721267896E-12 -1.208161778869E-14 -1.853680855388E-14  6.281356782283E-14  6.617390865652E-15  1.912855634712E-14  3.364868898354E-14
  9.269685531310E-13  1.150955911008E-07  1.878426876898E-05 -1.342593435457E-02  8.786491992083E-08  2.974266341988E-08  3.883240338972E-13  3.271523279208E-12  2.003117019101E-13  1.369962209161E-14 -3.180755411698E-15  5.738936417440E-15
  1.574618485269E-11 -8.507179849600E-08  1.342593435457E-02  1.878426881147E-05  3.840594906856E-11 -8.409320984616E-08  1.987736559016E-14  3.031272547632E-13  1.108016754325E-11 -7.464840742181E-15  1.427547401056E-14 -2.758478663840E-13
  3.645888184755E-14  4.133672554668E-13 -8.783133949543E-08 -2.548348485445E-10  1.318026657443E-05  1.173862495083E-02  7.070604931371E-08 -1.812999230363E-08 -9.496780184827E-10 -3.231348580222E-13  2.198354531312E-12  2.994318349045E-16
  1.660114706525E-13 -5.238523194757E-12 -2.995805854497E-08  8.405144111061E-08 -1.173862495082E-02  1.318026657025E-05  5.330610870745E-10 -5.285391596766E-08  5.123615084396E-08 -4.066322229628E-14 -2.289840079061E-13 -3.065573924615E-12
 -2.700219800542E-14  1.340624313432E-14 -3.921549416441E-13 -1.030566529034E-14 -7.069285318470E-08 -4.003290916512E-10  1.726899914051E-05 -2.051434323563E-02  5.245627854750E-03 -5.909604865456E-08 -1.219743139177E-08 -1.212399039931E-11
  5.511296134505E-14  1.827743908351E-14 -3.273882398843E-12 -3.179492829989E-13  1.824535953420E-08  5.271299605514E-08  2.049523559637E-02  7.625418024289E-05 -2.548881589259E-02  2.921839469294E-10  4.657340098638E-08 -2.510402464183E-08
  2.550327378821E-12 -6.334926509250E-14 -1.871799806039E-13 -1.108157034336E-11  8.312762607436E-10 -5.136174045762E-08 -5.313950927214E-03  2.547940819489E-02  6.172147041617E-05 -5.459536289384E-11  1.611498684250E-09  5.084946983166E-08
  4.193217846719E-15 -4.944505352765E-15 -1.028855142890E-14  7.278735731108E-15  3.216692620741E-13  3.729886236333E-14  5.909870821642E-08 -2.368452909747E-10 -8.885607693831E-13  7.781875082245E-07  2.412042045914E-02 -6.976724585034E-03
  2.151391889426E-14 -1.830048638714E-14  4.578382289416E-15 -1.237325946818E-14 -2.196022658689E-12  2.359447655991E-13  1.222064568658E-08 -4.650913900980E-08 -1.826827908347E-09 -2.406771535977E-02  9.623259522637E-05 -4.956126540733E-02
 -1.092326733445E-13 -3.527254704774E-14 -7.575154177922E-15  2.777861647975E-13  4.900709136768E-15  3.065229141513E-12 -9.057265348411E-11  2.531786488942E-08 -5.078659681280E-08  7.016210069025E-03  4.954391543734E-02  1.063152197333E-04
   3.0167522146425458     
 -1.661703626859E-15  3.348486538433E-07 -1.666535495527E-12 -2.049740384606E-11 -1.419181119758E-14 -9.694954578463E-15  2.401695707416E-14 -6.568084633377E-14 -1.342082403226E-12  8.101681422994E-15 -5.411685289823E-14  7.369677863946E-14
 -3.348486553268E-07  1.935371342740E-15 -1.603578242530E-07  1.210367482808E-07 -7.994400423555E-13  9.297140508094E-12  8.544798768563E-16 -1.124572905033E-13  9.138788852864E-14 -1.979410598581E-14 -2.477362605402E-14 -1.910783081613E-14
  1.665200333601E-12  1.603801081212E-07 -2.850105149761E-06 -1.612957420916E-02  1.231537608397E-07  4.113233108507E-08  6.560349363100E-13  5.898524859331E-12  2.670776483797E-13  9.157489626302E-15  2.190712309100E-14  3.240219544509E-14
  2.049734588393E-11 -1.210072550336E-07  1.612957420915E-02 -2.850105167386E-06 -6.361627788348E-10 -1.184566688108E-07  7.707681644118E-14  6.036916704055E-13  1.125919609918E-11 -8.895363516113E-15  1.890787688094E-14 -2.915252588979E-13
  1.577724819190E-14  7.946087074943E-13 -1.231686064196E-07  7.019887478033E-10  4.327841513317E-06 -1.170835433223E-02  9.916377755613E-08 -2.559499329985E-08 -1.105500956182E-09 -5.468756406372E-13  3.953551130311E-12 -1.614608422565E-14
  8.126459763665E-15 -9.297920006935E-12 -4.106565734400E-08  1.184639757273E-07  1.170835433224E-02  4.327841507921E-06  7.723242192793E-10 -7.307343113720E-08  7.313655386333E-08  5.767929601714E-14 -5.901315408941E-13 -5.569696972374E-12
 -2.475863083880E-14  1.186661360569E-15 -6.454969337008E-13 -7.484629294128E-14 -9.918011224550E-08 -8.655852280693E-10  3.134348355360E-06  3.196805166479E-03 -8.012277049422E-03 -8.292304341961E-08 -1.714433812669E-08  1.775584134881E-10
  6.823329252816E-14  1.092780877772E-13 -5.901788875931E-12 -6.101055155029E-13  2.550323935077E-08  7.308250832408E-08 -3.190624189868E-03  2.945563981005E-06 -4.695497554496E-02  4.337457646189E-10  6.502971840468E-08 -3.499651193790E-08
  1.341682143895E-12 -9.426527836088E-14 -2.682066995809E-13 -1.126078871783E-11  1.144620016006E-09 -7.313587777958E-08  8.043239649841E-03  4.694928081887E-02  1.875522761298E-06 -2.841436865338E-11  2.188231741656E-09  7.185134187108E-08
 -7.914705529059E-15  1.928886379353E-14 -9.313235413790E-15  1.064280421219E-14  5.457110425457E-13 -6.471447022585E-14  8.292996117697E-08 -5.517303553219E-10  1.126562142653E-10 -7.715647939617E-06  1.072009590871E-02 -3.178463382284E-03
  5.529421031073E-14  2.340502032598E-14 -2.174830600084E-14 -1.802943155648E-14 -3.949792350012E-12  5.933906461554E-13  1.706735560682E-08 -6.502506599859E-08 -2.218016862944E-09 -1.072124172236E-02 -3.302794520888E-06 -2.465559524410E-03
 -7.394168844894E-14  1.846739195588E-14 -3.414857886949E-14  2.906687533508E-13  1.795517755492E-14  5.570065033591E-12 -6.689682618587E-11  3.502484444058E-08 -7.185034817287E-08  3.182246299477E-03  2.478012659777E-03 -2.199656207290E-06
   3.3641106766577233     
  1.195210440863E-14  4.642745147760E-07 -2.950891785281E-12 -2.988739016760E-11  3.236496954642E-14 -2.962941996061E-14  4.843865928082E-14 -3.838922746522E-14 -1.616126651988E-13  6.142120905135E-15 -9.125561161951E-15  1.840132287712E-14
 -4.642745102921E-07  6.952628044171E-15 -2.206265625635E-07  1.700652264453E-07 -1.357481146669E-12  1.577325464522E-11  1.442310136332E-14 -1.472899751755E-14  1.245197844032E-14 -4.630925858530E-14 -6.332138789736E-15  5.333544558835E-15
  2.968403943897E-12  2.205107338977E-07  1.310278953596E-05 -1.897318802085E-02  1.706342028581E-07  5.553203122235E-08  1.051485157393E-12  9.973299912843E-12  1.962751249943E-13  3.413101153128E-14  2.189138246082E-14 -5.765948981836E-15
  2.988282383405E-11 -1.702154790382E-07  1.897318802087E-02  1.310278954054E-05 -2.459940975494E-09 -1.648652669805E-07  6.640900189070E-14  9.676551616100E-13  1.364381623665E-11 -9.616775220043E-15 -1.958988000059E-14 -4.858161831387E-14
 -3.463474202855E-14  1.362148706936E-12 -1.706057114028E-07  2.254657207801E-09 -3.328063653690E-06 -6.194016513160E-03  1.374385310758E-07 -3.543938792868E-08 -1.039266365430E-09 -9.023591426633E-13  6.734166806162E-12 -7.492620919311E-14
  3.097962391759E-14 -1.577248141997E-11 -5.573649415183E-08  1.648286231328E-07  6.194016513159E-03 -3.328063644288E-06  1.316024550521E-09 -9.912993237511E-08  1.036351096500E-07  6.167621128459E-14 -9.135628265255E-13 -9.769323170410E-12
 -4.881818725618E-14 -1.440604432067E-14 -1.055552700481E-12 -6.516809291175E-14 -1.374267899912E-07 -1.190905947168E-09  1.619819442746E-06 -5.267641023880E-03 -1.717716842634E-03 -1.149607615550E-07 -2.360753918340E-08  3.079396440015E-10
  3.768342252937E-14  1.427083031008E-14 -9.970522177265E-12 -9.793831314414E-13  3.554242543171E-08  9.902938024852E-08  5.260117471044E-03  5.036963626642E-05 -5.907890458788E-02  8.241065576657E-10  8.994271425242E-08 -4.684309491179E-08
  1.619381421475E-13 -1.184836080183E-14 -1.816501665387E-13 -1.364329104910E-11  9.343130424076E-10 -1.037144069017E-07  1.692326029111E-03  5.907871763771E-02  4.823477724882E-05 -5.088022454040E-11  1.653713567205E-09  1.007093516230E-07
 -6.600287446571E-15  4.586533869985E-14 -3.188015246564E-14  8.572557766923E-15  9.034122514343E-13 -6.274799011927E-14  1.149524909233E-07 -7.455447554884E-10  2.156124481880E-11 -5.402007820946E-07 -1.771437280859E-03 -8.105459139101E-04
  8.814689036938E-15  5.609247200404E-15 -1.847295307617E-14  1.758672625520E-14 -6.732532316084E-12  9.174017582124E-13  2.368040285541E-08 -8.991961930531E-08 -1.757356599643E-09  1.771251622027E-03 -1.642593609286E-06  3.523009855776E-03
 -1.872419307440E-14 -5.530344708372E-15  4.417890609957E-15  4.872043221992E-14  8.206988446007E-14  9.769382247481E-12 -3.602124683209E-10  4.694847372344E-08 -1.006715242903E-07  8.087748161283E-04 -3.523090923435E-03 -9.107315780924E-07
   3.7371592472616877     
 -4.175277977045E-15  6.363724556404E-07 -5.481778402592E-12 -4.840243612715E-11 -7.348402841828E-15  2.652600997316E-13  1.596281381834E-14 -1.605012857347E-14  6.418796893563E-13  1.725045243449E-15 -3.460092265361E-14 -1.738589483859E-13
 -6.363724567497E-07 -3.339319061183E-15 -3.005743101936E-07  2.354649814699E-07 -2.560229803996E-12  2.666629491903E-11  7.898229687732E-15 -5.174430427254E-14 -9.411852628543E-14 -1.947160745125E-14  2.794382747399E-15 -9.423238269617E-14
  5.490748061569E-12  3.005010112234E-07  5.920557356430E-06 -1.839492836357E-02  2.337319902034E-07  7.480856445257E-08  1.919072463066E-12  1.677518014266E-11  2.652123625234E-14  2.376853242522E-14  6.057290468447E-15  7.304326835114E-14
  4.839960525931E-11 -2.355586660441E-07  1.839492836354E-02  5.920557368370E-06 -4.748400875829E-09 -2.265480753163E-07 -3.305845081843E-14  2.044783607745E-12  2.045480510964E-11 -2.859193262449E-15  6.356730070716E-14  2.732513337549E-13
  3.235116371372E-15  2.556250033432E-12 -2.337485774271E-07  4.721502484930E-09 -2.902423277560E-07  1.437380052628E-03  1.883301801601E-07 -4.868323901840E-08 -2.957566253106E-10 -1.518830062118E-12  1.129360483916E-11 -1.565882948807E-13
 -2.635734321466E-13 -2.666741452853E-11 -7.483173797956E-08  2.265237513038E-07 -1.437380052627E-03 -2.902423201315E-07  1.805001537388E-09 -1.322866504749E-07  1.454383471773E-07 -1.812825646782E-14 -1.714677801883E-12 -1.670391789604E-11
 -1.585819893362E-14 -8.845381249148E-15 -1.918983144737E-12  3.576135784013E-14 -1.883365793611E-07 -1.855330515356E-09  5.563600798811E-08  3.229699124328E-04  2.502697013294E-04 -1.575459359093E-07 -3.241719351531E-08  6.161537386225E-10
  5.482285026203E-15  5.038921503240E-14 -1.677329107793E-11 -2.077271397967E-12  4.863115024152E-08  1.319407258689E-07 -3.272287254987E-04  2.131118290299E-04 -8.542071988202E-02  1.088856305524E-09  1.230079349492E-07 -6.109704386920E-08
 -6.415940974661E-13  9.206133740167E-14  1.672780184297E-14 -2.044781780982E-11  1.982063527649E-10 -1.457623237642E-07 -2.375794570187E-04  8.542076769762E-02  2.130770410062E-04 -4.391617998098E-11 -3.399480672528E-10  1.397235136485E-07
 -2.808388121119E-15  1.876996416491E-14 -2.395187238476E-14  2.817194275268E-15  1.514713170309E-12  1.855504468714E-14  1.575564849161E-07 -1.154702199695E-09  4.209905020521E-11 -2.878262464404E-08 -3.170697442686E-04 -2.521840149775E-03
  3.314577689493E-14 -4.046612948137E-15 -5.422645091646E-15 -6.160911910087E-14 -1.129607808731E-11  1.694537972422E-12  3.234879919383E-08 -1.230759032902E-07  1.831440389749E-10  3.149076733409E-04  9.692361876023E-06  9.150576585102E-03
  1.733902360628E-13  9.417182520758E-14 -7.318559042898E-14 -2.743193137669E-13  1.417222314045E-13  1.670562830815E-11 -5.713049314836E-10  6.131009454585E-08 -1.395727772931E-07  2.525188946881E-03 -9.149760995455E-03  9.455155576123E-06
   4.1368144384365264     
 -4.786457539220E-16  8.629612566586E-07 -9.407798092264E-12 -8.288820392477E-11  3.064481864184E-14  1.168413824994E-13  1.073153063086E-14  3.910084816986E-14 -2.040468416264E-13  7.822959840646E-15  1.958113803473E-14 -1.595429408189E-13
 -8.629612565434E-07 -1.173315524356E-14 -4.058590387498E-07  3.215133546356E-07 -4.221216055644E-12  4.391524699280E-11 -6.191141267082E-16  5.320705740324E-14 -1.613795933127E-13 -3.538434192096E-15  6.433856701892E-14 -4.418387242679E-14
  9.407587333004E-12  4.058621194148E-07 -3.257974080704E-08 -1.005386797066E-02  3.168655373239E-07  1.000437024800E-07  3.183047442245E-12  2.779720235825E-11 -3.370515561311E-13  2.308232531628E-15 -3.450676566172E-14  7.998128389164E-14
  8.288666297892E-11 -3.215095309177E-07  1.005386797067E-02 -3.257975693608E-08 -7.894313654177E-09 -3.077313965145E-07 -1.002858653759E-13  4.265159707787E-12  3.716471124389E-11  8.822171760215E-15  1.584161955547E-14  2.020167473640E-13
 -3.139145026541E-14  4.220226878448E-12 -3.168702865151E-07  7.912226936838E-09 -1.756908256997E-07  3.811217227075E-03  2.553624099715E-07 -6.597774803390E-08  1.227549575469E-09 -2.555989969412E-12  1.870817174748E-11 -3.085389987960E-13
 -1.164679859948E-13 -4.391493709375E-11 -1.000254233819E-07  3.077319356297E-07 -3.811217227085E-03 -1.756908412752E-07  2.554086127346E-09 -1.741160137206E-07  2.019355677106E-07 -5.340034721521E-14 -2.718070718935E-12 -2.737554854292E-11
 -9.933229621149E-15 -3.372840133450E-16 -3.184040191482E-12  9.644295002466E-14 -2.553578102390E-07 -2.570207538959E-09  6.441984083361E-08 -2.701221833235E-03  1.645742646999E-03 -2.136406719065E-07 -4.386756317544E-08  9.241339190129E-10
 -3.858780131777E-14 -5.259846248725E-14 -2.779644573750E-11 -4.260270620492E-12  6.598727903551E-08  1.741339733490E-07  2.705538940169E-03 -1.782187838432E-06 -5.505071532612E-02  1.580673538508E-09  1.666255708865E-07 -7.856672309514E-08
  2.045263938196E-13  1.623179765841E-13  3.330239703583E-13 -3.716646293825E-11 -1.193105274567E-09 -2.019237607890E-07 -1.649552699337E-03  5.505080749038E-02 -2.101489685100E-06 -4.534547293776E-11 -4.125446332950E-09  1.914259342184E-07
 -8.155007036538E-15  2.751662831261E-15 -4.849734470567E-15 -1.052285822952E-14  2.558923919698E-12  5.225811298668E-14  2.136371535700E-07 -1.556345611920E-09  7.270990127543E-11  2.383212738545E-08  2.842637367689E-04 -4.074834172615E-08
 -1.937217287713E-14 -6.457001480617E-14  3.329570484866E-14 -1.784308500609E-14 -1.870765126263E-11  2.720267095308E-12  4.389663694776E-08 -1.666209580889E-07  4.138160378775E-09 -2.840557196037E-04 -1.366681833343E-08  3.678733503313E-03
  1.593975202264E-13  4.453182343376E-14 -7.797195647644E-14 -2.010978405428E-13  3.060800985122E-13  2.737641654283E-11 -9.030604914366E-10  7.855504604157E-08 -1.914310627011E-07 -2.648038499774E-07 -3.678717425740E-03 -3.748628812542E-08
   4.5639927621643261     
 -1.458297815690E-15  1.158558954427E-06 -1.614006920661E-11 -1.377690701709E-10  3.526903063820E-14 -1.907592971436E-13 -1.138379695346E-14 -9.801604303574E-14 -1.327773625668E-12  1.034678102131E-14  4.995999919979E-14 -3.810010235472E-16
 -1.158558954751E-06  2.687777972885E-15 -5.434040308442E-07  4.335039573394E-07 -7.071742277057E-12  7.177222264784E-11 -8.867885205962E-15  1.333233459905E-13 -1.008912853282E-13  2.783285763125E-14  7.133303238864E-14 -2.385799626362E-14
  1.615216471323E-11  5.433566435323E-07  5.398470566101E-07 -4.793675069214E-03  4.253183612458E-07  1.329987749030E-07  5.318540510063E-12  4.547131187682E-11 -1.242530700735E-12 -3.197548397083E-16 -6.627374020996E-14  2.573430247993E-14
  1.377680313598E-10 -4.335633782544E-07  4.793675069221E-03  5.398470573374E-07 -1.195907077322E-08 -4.136169340104E-07 -2.123292817800E-13  8.449341235553E-12  6.318900413892E-11  2.058752880555E-14 -1.691788448431E-14 -5.167916470674E-14
 -3.602536111336E-14  7.075338958337E-12 -4.253161909047E-07  1.190176789805E-08  7.876515971574E-08  2.809816740434E-03  3.428080800315E-07 -8.852093298948E-08  3.446283352468E-09 -4.223673498938E-12  3.055146241714E-11 -5.870778834465E-13
  1.912200472009E-13 -7.177256258879E-11 -1.330551007236E-07  4.136026942899E-07 -2.809816740433E-03  7.876515317507E-08  3.522161389589E-09 -2.278318611251E-07  2.761390265734E-07 -1.098400042341E-13 -4.472391002901E-12 -4.463934571062E-11
  1.206176107361E-14  8.710268286036E-15 -5.322567075547E-12  2.112915768135E-13 -3.428015250225E-07 -3.492330152046E-09  2.006362918085E-07 -2.447103401665E-03  9.597332410886E-04 -2.868102860494E-07 -5.887849632468E-08  1.267609497849E-09
  9.696641899467E-14 -1.338185305840E-13 -4.546847219874E-11 -8.498608739473E-12  8.854984728562E-08  2.276218869646E-07  2.446058547277E-03  1.614311234290E-05 -2.079509771207E-02  2.164267909542E-09  2.234135027256E-07 -9.991389755192E-08
  1.329256617647E-12  1.014188364380E-13  1.282347414252E-12 -6.318306979396E-11 -3.524990961405E-09 -2.763106122303E-07 -9.631952304300E-04  2.079498831505E-02  1.597087314210E-05 -1.248754480259E-10 -1.028160886873E-08  2.593288586262E-07
 -1.083960786681E-14 -2.763000136066E-14  1.144748036707E-15 -2.126406251331E-14  4.222670792451E-12  1.128033438045E-13  2.868099379924E-07 -2.133620198942E-09  9.890363475091E-11  5.710847414962E-08  1.893178864569E-03 -5.305088364827E-04
 -4.955404771533E-14 -7.129542421353E-14  6.586504804895E-14  1.769350053895E-14 -3.054990297721E-11  4.479955913450E-12  5.889704710868E-08 -2.233999993945E-07  1.006925843044E-08 -1.892808453049E-03  6.209429082746E-07 -3.575668033940E-03
 -4.148382425762E-16  2.302866169955E-14 -2.714909722970E-14  5.168903789059E-14  5.911317823664E-13  4.464138177759E-11 -1.310956448516E-09  1.001464843225E-07 -2.592551054926E-07  5.308586071528E-04  3.575515168953E-03  6.471114754238E-07
   5.0196107304271731     
  1.552804818553E-15  1.540864070846E-06 -2.601726953803E-11 -2.136649033971E-10  6.647773600117E-14 -1.412660908294E-13  1.583326160691E-14  2.685758461318E-13  1.311829764374E-12 -6.634771535480E-16  4.076753295966E-14  1.906763036069E-14
 -1.540864072138E-06  6.448902104451E-15 -7.212475060771E-07  5.783914070865E-07 -1.133974043060E-11  1.156141233535E-10  2.882650323837E-14  8.377130959693E-14 -5.134819787879E-14 -1.542431545311E-14  4.894313412580E-14 -9.340986225159E-15
  2.598702867526E-11  7.213319002268E-07 -8.966920440802E-07 -6.355898624762E-03  5.655745006732E-07  1.757977396489E-07  8.480915493631E-12  7.317106195064E-11 -3.786653689436E-12  3.355058737858E-14 -4.810067269860E-14  2.318758923057E-14
  2.136712077675E-10 -5.782862286361E-07  6.355898624760E-03 -8.966920448746E-07 -1.703313855217E-08 -5.505126081317E-07 -2.676695216915E-13  1.404427818582E-11  9.257239445931E-11  9.612072568406E-15 -2.575526332247E-14 -1.040073603279E-13
 -6.666012781796E-14  1.134054693374E-11 -5.655737404469E-07  1.712115124170E-08 -1.023718171891E-08  1.114035946949E-03  4.559035180249E-07 -1.176339066474E-07  6.757912545016E-09 -6.742819150350E-12  4.924168333553E-11 -1.013943532018E-12
  1.406418226468E-13 -1.156147920618E-10 -1.757117583950E-07  5.505380449142E-07 -1.114035946935E-03 -1.023715650613E-08  4.748102754357E-09 -2.958823107968E-07  3.730549461447E-07 -7.519364038168E-14 -7.289106888084E-12 -7.187159221037E-11
 -1.582712415135E-14 -3.044961206588E-14 -8.483233838490E-12  2.691298692877E-13 -4.559024949570E-07 -4.756553378930E-09  7.072842841601E-10 -6.697558217451E-04  3.347969205843E-04 -3.814475231629E-07 -7.828789785330E-08  1.773553316809E-09
 -2.621046177940E-13 -8.798222557937E-14 -7.318412287424E-11 -1.389327795845E-11  1.176463291302E-07  2.964864177157E-07  6.711787389464E-04 -8.024000666034E-05 -5.091056108470E-02  2.903280386275E-09  2.967581487750E-07 -1.272752778461E-07
 -1.312752841489E-12  5.073509577059E-14  3.654769169207E-12 -9.259403741153E-11 -6.556108858307E-09 -3.725779511253E-07 -3.342406832615E-04  5.091056959072E-02 -8.025248390304E-05 -1.793656802791E-10 -1.840290381574E-08  3.471260982801E-07
  4.391555140847E-17  1.496727493818E-14 -3.263298035860E-14 -9.277870112914E-15  6.742571190914E-12  7.380818984880E-14  3.814483363242E-07 -2.903791413709E-09  1.950937589567E-10 -3.147650302696E-09  2.676665803411E-04 -4.947416202797E-05
 -4.007996399600E-14 -4.768379902353E-14  4.958202149888E-14  2.348026817434E-14 -4.924329708006E-11  7.288552719462E-12  7.828656219322E-08 -2.967250130262E-07  1.887974903567E-08 -2.676653528834E-04 -3.213249514383E-09  6.209421618242E-05
 -1.895862144075E-14  9.627832645387E-15 -2.552923135005E-14  1.047291158312E-13  1.014551662891E-12  7.187281972950E-11 -1.764931993596E-09  1.267172732050E-07 -3.473302248317E-07  4.947751107538E-05 -6.209064165272E-05 -1.211082381978E-09
   5.5045848552071535     
  2.268635215581E-15  2.031314106275E-06 -4.182714157196E-11 -3.426264256518E-10  9.876811168209E-14 -1.585706810513E-13 -1.234287666601E-14  1.335410743872E-13  4.509502716913E-13  6.500739741789E-15  4.069022024735E-14 -9.632341444935E-15
 -2.031314104587E-06  6.753089467896E-16 -9.498496796290E-07  7.636957534772E-07 -1.803082913319E-11  1.833821707799E-10  3.922564159915E-14  9.752165775510E-14 -9.631053516584E-14  6.247699048474E-15  3.736301392974E-14  2.700654004211E-14
  4.183739185952E-11  9.498197543967E-07  1.437330336813E-07 -3.420283804193E-03  7.455208507781E-07  2.308279275743E-07  1.346043288027E-11  1.160629491666E-10 -6.664370424561E-12  3.310822977587E-14 -5.688522526466E-14  7.476393125448E-15
  3.426264948219E-10 -7.637330065558E-07  3.420283804211E-03  1.437330245524E-07 -2.341199504438E-08 -7.260784789802E-07 -4.614771529469E-13  2.414696613148E-11  1.508770137913E-10  1.212433027933E-14 -5.736403039298E-14 -2.208845830957E-14
 -1.002393577680E-13  1.802771888746E-11 -7.455258029271E-07  2.339548962229E-08 -1.016125686581E-08  5.965145978582E-04  6.009969673546E-07 -1.549915770091E-07  1.026432239799E-08 -1.065421159844E-11  7.807632052437E-11 -1.692737496364E-12
  1.591228401316E-13 -1.833849729950E-10 -2.308433241513E-07  7.260690048263E-07 -5.965145978487E-04 -1.016125460504E-08  6.317206216922E-09 -3.855026541511E-07  4.954011601722E-07 -1.446524361793E-13 -1.158253898863E-11 -1.139431225215E-10
  1.235282651980E-14 -3.922313263632E-14 -1.345686870336E-11  4.619784240717E-13 -6.010004303158E-07 -6.335001996006E-09 -1.139759666429E-08 -5.091160064292E-04  6.988529512765E-05 -5.028541219636E-07 -1.032030158757E-07  2.378212512745E-09
 -1.336338305341E-13 -9.959850201793E-14 -1.160583532139E-10 -2.424389937447E-11  1.549640831499E-07  3.851749886924E-07  5.089841425522E-04  1.649070585067E-05 -2.402383268365E-02  3.838656138546E-09  3.908362614059E-07 -1.626739344755E-07
 -4.510730114088E-13  9.580973225510E-14  6.746037051534E-12 -1.508609035247E-10 -1.036108903446E-08 -4.956588575515E-07 -6.968557160639E-05  2.402383250119E-02  1.650259101829E-05 -2.782991571989E-10 -2.855997658466E-08  4.595399179353E-07
 -6.900303293290E-15 -6.418454010152E-15 -3.381625677733E-14 -1.258138995880E-14  1.065426789694E-11  1.429100841419E-13  5.028535213076E-07 -3.848233891797E-09  2.727464550318E-10  8.140750022194E-10  9.831236396050E-05 -1.268834937229E-04
 -4.091978921614E-14 -3.855233576957E-14  5.689190063166E-14  5.672993342922E-14 -7.807508176174E-11  1.158684511726E-11  1.031963055816E-07 -3.908458824202E-07  2.826665362472E-08 -9.830111782009E-05  6.295185762981E-08 -8.817826878721E-04
  9.507164939080E-15 -2.648825892204E-14 -7.291342122813E-15  2.208201900558E-14  1.695681568858E-12  1.139432215912E-10 -2.384476834257E-09  1.630077857718E-07 -4.594328691724E-07  1.268948452888E-04  8.817818047408E-04  6.278754997046E-08
   6.0198316484863552     
 -1.381230349096E-15  2.655712143551E-06 -6.591383868627E-11 -5.381527812857E-10  1.808587289896E-13 -8.314391696607E-14  2.039971726765E-14 -1.140965567048E-14 -1.953140179784E-13 -1.379571106698E-14  2.103193316094E-14 -6.108849503455E-14
 -2.655712142677E-06 -9.918806886624E-15 -1.240736820870E-06  9.997909913299E-07 -2.807666192260E-11  2.869878959038E-10  1.285609003282E-13  5.860906538407E-14 -1.263671878131E-13 -3.017515989672E-14  2.765195840142E-14 -3.154198579174E-14
  6.592921780147E-11  1.240695244358E-06  7.518439285079E-08 -1.741969426967E-03  9.746090584330E-07  3.008808194940E-07  2.098916208504E-11  1.815450142012E-10 -1.146705256283E-11  9.496677958268E-14 -5.948023116613E-14  5.822911136834E-14
  5.381549701162E-10 -9.998425985222E-07  1.741969426966E-03  7.518439156922E-08 -3.153929162024E-08 -9.495968319414E-07 -6.426024670766E-13  3.989376919065E-11  2.379757388370E-10 -2.118542943982E-14 -3.441873364230E-14  2.013355820120E-14
 -1.804225249147E-13  2.807550318782E-11 -9.746093347441E-07  3.149550330807E-08  1.242931350398E-09  3.336451508777E-04  7.857143251547E-07 -2.025187282298E-07  1.492326259733E-08 -1.660518912670E-11  1.221191856117E-10 -2.603932415433E-12
  8.379645991588E-14 -2.869907635167E-10 -3.009236490127E-07  9.495844206181E-07 -3.336451508856E-04  1.242926807139E-09  8.332791575042E-09 -4.988882286712E-07  6.516548785176E-07 -1.661966931296E-13 -1.824796477297E-11 -1.782994550134E-10
 -2.070401763506E-14 -1.278194637143E-13 -2.099041303749E-11  6.402207756914E-13 -7.857112796950E-07 -8.323228414056E-09  3.077696454834E-09 -2.073345043769E-04  1.217133073375E-04 -6.574173563586E-07 -1.348877811854E-07  3.132049170682E-09
  1.033935742599E-14 -5.822558991773E-14 -1.815383435666E-10 -4.000857454939E-11  2.025253870419E-07  4.985791258272E-07  2.072871382610E-04  5.440576736864E-06 -1.124142778095E-02  5.078310340289E-09  5.106201530131E-07 -2.081974524780E-07
  1.953378757895E-13  1.259870957220E-13  1.156063737538E-11 -2.379560394551E-10 -1.502050418909E-08 -6.518911455847E-07 -1.219872709487E-04  1.124142611167E-02  5.437248189363E-06 -3.944817402876E-10 -4.108723706604E-08  6.024351720993E-07
  1.390017643745E-14  3.017790071446E-14 -9.476728044252E-14  2.072873721779E-14  1.660397655783E-11  1.673139051235E-13  6.574175627180E-07 -5.067409554025E-09  3.881618533997E-10  9.480014613508E-10  2.222033189975E-04 -1.451852177141E-04
 -2.089371889712E-14 -2.811084641099E-14  6.082047451673E-14  3.547014077668E-14 -1.221194996934E-10  1.823799965910E-11  1.348949514679E-07 -5.106486498055E-07  4.087816117630E-08 -2.222114682158E-04  1.762026446103E-09  3.638067789033E-05
  6.078319223676E-14  3.116549197935E-14 -5.641903252023E-14 -1.993799136445E-14  2.596824647175E-12  1.783011363210E-10 -3.132393544380E-09  2.084550354417E-07 -6.023341689637E-07  1.451732219714E-04 -3.638231097638E-05  3.125204865280E-09
   6.5662676222468619     
 -1.248086818582E-14  3.444930921472E-06 -1.022467547321E-10 -8.308162741508E-10  2.239988244020E-13 -2.377769979682E-13 -1.654759908463E-14 -2.952076005467E-14 -3.189352522126E-13  4.570545366080E-15  1.460109381267E-14  1.124794039828E-14
 -3.444930925415E-06 -1.876454672234E-14 -1.608286655749E-06  1.298357345173E-06 -4.346199290940E-11  4.430099763233E-10  1.310553876450E-13  7.062888479825E-14 -1.079467526876E-13  1.410228121359E-14  1.992971260765E-14  5.592242796885E-15
  1.022562222545E-10  1.608254448840E-06  3.828921212523E-08 -1.458921207827E-03  1.264147974431E-06  3.893904993410E-07  3.249061021882E-11  2.801832826065E-10 -1.893508536382E-11  1.057179706118E-13 -8.523957416296E-14  3.152066597941E-14
  8.308240058300E-10 -1.298397253984E-06  1.458921207831E-03  3.828920531432E-08 -4.185073464237E-08 -1.232146548601E-06 -1.080648129519E-12  6.328397165310E-11  3.671187786643E-10  4.772708318508E-15 -8.160694401062E-14 -1.483258406593E-13
 -2.261695962567E-13  4.345566356121E-11 -1.264150638265E-06  4.182453808518E-08 -1.399278007799E-09  3.649156774048E-04  1.019186994192E-06 -2.625943752599E-07  2.065848153598E-08 -2.572019262646E-11  1.885263290100E-10 -4.064223446853E-12
  2.356196579450E-13 -4.430146701503E-10 -3.894157643267E-07  1.232136708435E-06 -3.649156773959E-04 -1.399267454382E-09  1.089902442925E-08 -6.425913303098E-07  8.488118590461E-07 -2.979992373817E-13 -2.825381301526E-11 -2.750888960669E-10
  1.396552816079E-14 -1.314478323348E-13 -3.248949885890E-11  1.083174030029E-12 -1.019185685481E-06 -1.089677685538E-08  1.285379683786E-09 -2.092116063383E-04  7.022770765472E-05 -8.527767907481E-07 -1.749706092288E-07  4.090056151822E-09
  3.016835000865E-14 -7.006830712988E-14 -2.801761285470E-10 -6.340917934591E-11  2.625893690303E-07  6.423096944599E-07  2.091576819799E-04  2.339735141966E-06 -6.879675960357E-03  6.612759602582E-09  6.620130202936E-07 -2.661259257014E-07
  3.184152113008E-13  1.073412442025E-13  1.903776601574E-11 -3.670993279749E-10 -2.074679303872E-08 -8.490261373760E-07 -7.033100372579E-05  6.879674718392E-03  2.339063373371E-06 -5.448772148225E-10 -5.657350841576E-08  7.828967288238E-07
 -4.760269434933E-15 -1.500347111970E-14 -1.048578045151E-13 -5.874227769791E-15  2.571975525027E-11  3.010193907780E-13  8.527760564912E-07 -6.603755815338E-09  5.310474930911E-10  1.593222155346E-09  2.432360127676E-04 -5.324684072934E-05
 -1.493912742700E-14 -1.996478186099E-14  8.610182537127E-14  8.093296306529E-14 -1.885267894219E-10  2.824387273935E-11  1.749774685987E-07 -6.620392588057E-07  5.637641175467E-08 -2.432321484318E-04 -1.574167710849E-08 -5.524772639687E-04
 -1.088219560768E-14 -4.984794812575E-15 -3.154408474170E-14  1.487001058123E-13  4.057493054701E-12  2.750914043980E-10 -4.097616480622E-09  2.663662849535E-07 -7.828061782275E-07  5.324185984952E-05  5.524746164859E-04 -1.627784928235E-08
   7.1448092884707632     
 -1.887337951429E-14  4.435702132703E-06 -1.563283223735E-10 -1.268619451732E-09  3.897999952288E-13 -2.792655459042E-13 -1.484888744861E-14 -2.262706917409E-13 -1.225651316605E-12  1.312766082839E-14 -1.028226993907E-14 -1.963103737314E-14
 -4.435702132308E-06 -2.635559895233E-14 -2.069578267059E-06  1.673322382585E-06 -6.618272500986E-11  6.755229613134E-10  2.279234985788E-13  4.320447548583E-14 -1.695022237673E-13  9.945364271175E-15 -1.900964277228E-14  4.534547180101E-14
  1.563728992289E-10  2.069485197842E-06  6.322448047344E-08 -1.112906119502E-03  1.627599527488E-06  5.003943237642E-07  4.948303162579E-11  4.271809252801E-10 -2.972336226545E-11  2.121439658753E-13 -1.070157411435E-13  2.050450676807E-14
  1.268623807563E-09 -1.673437496738E-06  1.112906119514E-03  6.322447887134E-08 -5.491094605901E-08 -1.586915221012E-06 -1.627725024219E-12  9.815902498255E-11  5.613905555418E-10  8.498861076940E-15 -1.353699772011E-13 -9.729517533862E-14
 -3.893538367378E-13  6.617657062930E-11 -1.627602256276E-06  5.481941611487E-08  2.512034360822E-10  2.721892514698E-04  1.312270447758E-06 -3.380355661684E-07  2.748643009294E-08 -3.913350732728E-11  2.874126713466E-10 -6.264484757670E-12
  2.794431833514E-13 -6.755309029872E-10 -5.004836137458E-07  1.586887416341E-06 -2.721892514741E-04  2.512032451201E-10  1.415195598266E-08 -8.240472235606E-07  1.095510636537E-06 -4.214007447766E-13 -4.307314085022E-11 -4.193770977015E-10
  1.547087899200E-14 -2.272276743641E-13 -4.948091595802E-11  1.626089668634E-12 -1.312270271687E-06 -1.414890177942E-08  1.076904701437E-10 -1.786714420483E-04  7.862903901990E-07 -1.098023056255E-06 -2.252731469169E-07  5.282422439714E-09
  2.273160894492E-13 -4.333414909903E-14 -4.271579346752E-10 -9.856984193549E-11  3.380172528013E-07  8.232781722799E-07  1.786664233749E-04  1.803695860110E-06 -2.560539420428E-03  8.567178189972E-09  8.521017358184E-07 -3.393292048076E-07
  1.226602636099E-12  1.702883960626E-13  3.005217766279E-11 -5.613241911482E-10 -2.772655740709E-08 -1.096088576133E-06 -9.136631679926E-07  2.560539111523E-03  1.803591109806E-06 -7.254137476425E-10 -7.560241103907E-08  1.009264424501E-06
 -1.417371608390E-14 -9.527222439641E-15 -2.125822113090E-13 -8.103790570687E-15  3.913211642600E-11  4.232107956764E-13  1.098023700092E-06 -8.569923610635E-09  7.185345933779E-10 -1.490253432893E-10  6.199738031772E-05  2.614093828597E-05
  1.105074384244E-14  1.934251402840E-14  1.046117742947E-13  1.366907630769E-13 -2.874154086959E-10  4.306980495443E-11  2.252705464914E-07 -8.521560238009E-07  7.500882848041E-08 -6.199770535228E-05 -2.287667514984E-09 -5.160305558481E-04
  1.939025639893E-14 -4.498135173596E-14 -2.169963616429E-14  9.826230662839E-14  6.264043800760E-12  4.193812176160E-10 -5.282364525704E-09  3.400332818057E-07 -1.009025713689E-06 -2.614261518062E-05  5.160305357177E-04 -2.094854228476E-09
   7.7563731591401437     
 -3.663481621422E-14  5.671492452729E-06 -2.356899226916E-10 -1.908877177119E-09  7.173517238817E-13 -5.311414751095E-13 -1.640873603422E-14 -1.134189229152E-13 -3.206200684203E-13  1.355469214468E-14 -1.675082495010E-14  6.183283283729E-15
 -5.671492452943E-06 -5.461923299760E-14 -2.644512642547E-06  2.141552661669E-06 -9.957764786596E-11  1.018321026189E-09  4.361054968292E-13  7.098582126249E-14 -2.615768281923E-13  1.029764409357E-14 -4.832616399026E-14  2.580010541035E-14
  2.356583719618E-10  2.644506665640E-06  4.880402954920E-09 -1.173898976530E-03  2.080894664189E-06  6.386871962194E-07  7.446503876186E-11  6.436993814794E-10 -4.622342002815E-11  3.860141480232E-13 -1.684677632896E-13  3.627141623526E-14
  1.908905686728E-09 -2.141560064705E-06  1.173898976546E-03  4.880398928195E-09 -7.137169975785E-08 -2.029502014922E-06 -2.474859897036E-12  1.489401006422E-10  8.416954234975E-10 -1.015620246534E-14 -2.313926104722E-13 -2.457099892443E-13
 -7.168776264521E-13  9.956783249479E-11 -2.080893216825E-06  7.136066997652E-08  7.081027206977E-10  2.479984599927E-04  1.677823558526E-06 -4.321124414855E-07  3.607082222357E-08 -5.891026068989E-11  4.331348451692E-10 -9.461374402975E-12
  5.310292098836E-13 -1.018334533099E-09 -6.386982075325E-07  2.029500405734E-06 -2.479984599996E-04  7.080942145646E-10  1.826389213311E-08 -1.049949530291E-06  1.403540817689E-06 -6.102719240377E-13 -6.493147831776E-11 -6.321796885884E-10
  1.610296606820E-14 -4.367999100648E-13 -7.445749479445E-11  2.475116951688E-12 -1.677823549064E-06 -1.825853582600E-08  2.474503822194E-11 -1.442603421050E-04 -1.470708976175E-05 -1.403914842334E-06 -2.880083159931E-07  6.771052346375E-09
  1.123694821675E-13 -6.964085421222E-14 -6.437031501653E-10 -1.489332878041E-10  4.321152454422E-07  1.049947446825E-06  1.442583059425E-04  1.354152144123E-08 -3.117118613376E-03  1.102808346243E-08  1.089238861482E-06 -4.315606440996E-07
  3.211731399869E-13  2.614467321813E-13  4.622507509153E-11 -8.417020783681E-10 -3.607589278986E-08 -1.403541530003E-06  1.470571582889E-05  3.117118519737E-03  1.349696089285E-08 -9.466177317763E-10 -9.852923051691E-08  1.291322318262E-06
 -1.343097683739E-14 -1.016394042355E-14 -3.859775011960E-13  1.057739390641E-14  5.890317584064E-11  6.105625298966E-13  1.403915685885E-06 -1.103120174712E-08  9.460366093564E-10 -2.772209264269E-10  9.916794853948E-05  1.380930776686E-05
  1.641403264415E-14  4.890231711475E-14  1.693445279611E-13  2.316813090265E-13 -4.331377991203E-10  6.493105142313E-11  2.880043563906E-07 -1.089238745036E-06  9.852794178840E-08 -9.916799859186E-05  1.344917357874E-11 -4.100101745831E-04
 -6.144420793890E-15 -2.551514593904E-14 -3.577698054384E-14  2.459630192172E-13  9.463322670929E-12  6.321879304589E-10 -6.771929641483E-09  4.315618146153E-07 -1.291321986754E-06 -1.381038889912E-05  4.100101455211E-04  2.933774505360E-10
